-2	0
-1.999	0
-1.998	0
-1.997	0
-1.996	0
-1.995	0
-1.994	0
-1.993	0
-1.992	0
-1.991	0
-1.99	0
-1.989	0
-1.988	0
-1.987	0
-1.986	0
-1.985	0
-1.984	0
-1.983	0
-1.982	0
-1.981	0
-1.98	0
-1.979	0
-1.978	0
-1.977	0
-1.976	0
-1.975	0
-1.974	0
-1.973	0
-1.972	0
-1.971	0
-1.97	0
-1.969	0
-1.968	0
-1.967	0
-1.966	0
-1.965	0
-1.964	0
-1.963	0
-1.962	0
-1.961	0
-1.96	0
-1.959	0
-1.958	0
-1.957	0
-1.956	0
-1.955	0
-1.954	0
-1.953	0
-1.952	0
-1.951	0
-1.95	0
-1.949	0
-1.948	0
-1.947	0
-1.946	0
-1.945	0
-1.944	0
-1.943	0
-1.942	0
-1.941	0
-1.94	0
-1.939	0
-1.938	0
-1.937	0
-1.936	0
-1.935	0
-1.934	0
-1.933	0
-1.932	0
-1.931	0
-1.93	0
-1.929	0
-1.928	0
-1.927	0
-1.926	0
-1.925	0
-1.924	0
-1.923	0
-1.922	0
-1.921	0
-1.92	0
-1.919	0
-1.918	0
-1.917	0
-1.916	0
-1.915	0
-1.914	0
-1.913	0
-1.912	0
-1.911	0
-1.91	0
-1.909	0
-1.908	0
-1.907	0
-1.906	0
-1.905	0
-1.904	0
-1.903	0
-1.902	0
-1.901	0
-1.9	0
-1.899	0
-1.898	0
-1.897	0
-1.896	0
-1.895	0
-1.894	0
-1.893	0
-1.892	0
-1.891	0
-1.89	0
-1.889	0
-1.888	0
-1.887	0
-1.886	0
-1.885	0
-1.884	0
-1.883	0
-1.882	0
-1.881	0
-1.88	0
-1.879	0
-1.878	0
-1.877	0
-1.876	0
-1.875	0
-1.874	0
-1.873	0
-1.872	0
-1.871	0
-1.87	0
-1.869	0
-1.868	0
-1.867	0
-1.866	0
-1.865	0
-1.864	0
-1.863	0
-1.862	0
-1.861	0
-1.86	0
-1.859	0
-1.858	0
-1.857	0
-1.856	0
-1.855	0
-1.854	0
-1.853	0
-1.852	0
-1.851	0
-1.85	0
-1.849	0
-1.848	0
-1.847	0
-1.846	0
-1.845	0
-1.844	0
-1.843	0
-1.842	0
-1.841	0
-1.84	0
-1.839	0
-1.838	0
-1.837	0
-1.836	0
-1.835	0
-1.834	0
-1.833	0
-1.832	0
-1.831	0
-1.83	0
-1.829	0
-1.828	0
-1.827	0
-1.826	0
-1.825	0
-1.824	0
-1.823	0
-1.822	0
-1.821	0
-1.82	0
-1.819	0
-1.818	0
-1.817	0
-1.816	0
-1.815	0
-1.814	0
-1.813	0
-1.812	0
-1.811	0
-1.81	0
-1.809	0
-1.808	0
-1.807	0
-1.806	0
-1.805	0
-1.804	0
-1.803	0
-1.802	0
-1.801	0
-1.8	0
-1.799	0
-1.798	0
-1.797	0
-1.796	0
-1.795	0
-1.794	0
-1.793	0
-1.792	0
-1.791	0
-1.79	0
-1.789	0
-1.788	0
-1.787	0
-1.786	0
-1.785	0
-1.784	0
-1.783	0
-1.782	0
-1.781	0
-1.78	0
-1.779	0
-1.778	0
-1.777	0
-1.776	0
-1.775	0
-1.774	0
-1.773	0
-1.772	0
-1.771	0
-1.77	0
-1.769	0
-1.768	0
-1.767	0
-1.766	0
-1.765	0
-1.764	0
-1.763	0
-1.762	0
-1.761	0
-1.76	0
-1.759	0
-1.758	0
-1.757	0
-1.756	0
-1.755	0
-1.754	0
-1.753	0
-1.752	0
-1.751	0
-1.75	0
-1.749	0
-1.748	0
-1.747	0
-1.746	0
-1.745	0
-1.744	0
-1.743	0
-1.742	0
-1.741	0
-1.74	0
-1.739	0
-1.738	0
-1.737	0
-1.736	0
-1.735	0
-1.734	0
-1.733	0
-1.732	0
-1.731	0
-1.73	0
-1.729	0
-1.728	0
-1.727	0
-1.726	0
-1.725	0
-1.724	0
-1.723	0
-1.722	0
-1.721	0
-1.72	0
-1.719	0
-1.718	0
-1.717	0
-1.716	0
-1.715	0
-1.714	0
-1.713	0
-1.712	0
-1.711	0
-1.71	0
-1.709	0
-1.708	0
-1.707	0
-1.706	0
-1.705	0
-1.704	0
-1.703	0
-1.702	0
-1.701	0
-1.7	0
-1.699	0
-1.698	0
-1.697	0
-1.696	0
-1.695	0
-1.694	0
-1.693	0
-1.692	0
-1.691	0
-1.69	0
-1.689	0
-1.688	0
-1.687	0
-1.686	0
-1.685	0
-1.684	0
-1.683	0
-1.682	0
-1.681	0
-1.68	0
-1.679	0
-1.678	0
-1.677	0
-1.676	0
-1.675	0
-1.674	0
-1.673	0
-1.672	0
-1.671	0
-1.67	0
-1.669	0
-1.668	0
-1.667	0
-1.666	0
-1.665	0
-1.664	0
-1.663	0
-1.662	0
-1.661	0
-1.66	0
-1.659	0
-1.658	0
-1.657	0
-1.656	0
-1.655	0
-1.654	0
-1.653	0
-1.652	0
-1.651	0
-1.65	0
-1.649	0
-1.648	0
-1.647	0
-1.646	0
-1.645	0
-1.644	0
-1.643	0
-1.642	0
-1.641	0
-1.64	0
-1.639	0
-1.638	0
-1.637	0
-1.636	0
-1.635	0
-1.634	0
-1.633	0
-1.632	0
-1.631	0
-1.63	0
-1.629	0
-1.628	0
-1.627	0
-1.626	0
-1.625	0
-1.624	0
-1.623	0
-1.622	0
-1.621	0
-1.62	0
-1.619	0
-1.618	0
-1.617	0
-1.616	0
-1.615	0
-1.614	0
-1.613	0
-1.612	0
-1.611	0
-1.61	0
-1.609	0
-1.608	0
-1.607	0
-1.606	0
-1.605	0
-1.604	0
-1.603	0
-1.602	0
-1.601	0
-1.6	0
-1.599	0
-1.598	0
-1.597	0
-1.596	0
-1.595	0
-1.594	0
-1.593	0
-1.592	0
-1.591	0
-1.59	0
-1.589	0
-1.588	0
-1.587	0
-1.586	0
-1.585	0
-1.584	0
-1.583	0
-1.582	0
-1.581	0
-1.58	0
-1.579	0
-1.578	0
-1.577	0
-1.576	0
-1.575	0
-1.574	0
-1.573	0
-1.572	0
-1.571	0
-1.57	0
-1.569	0
-1.568	0
-1.567	0
-1.566	0
-1.565	0
-1.564	0
-1.563	0
-1.562	0
-1.561	0
-1.56	0
-1.559	0
-1.558	0
-1.557	0
-1.556	0
-1.555	0
-1.554	0
-1.553	0
-1.552	0
-1.551	0
-1.55	0
-1.549	0
-1.548	0
-1.547	0
-1.546	0
-1.545	0
-1.544	0
-1.543	0
-1.542	0
-1.541	0
-1.54	0
-1.539	0
-1.538	0
-1.537	0
-1.536	0
-1.535	0
-1.534	0
-1.533	0
-1.532	0
-1.531	0
-1.53	0
-1.529	0
-1.528	0
-1.527	0
-1.526	0
-1.525	0
-1.524	0
-1.523	0
-1.522	0
-1.521	0
-1.52	0
-1.519	0
-1.518	0
-1.517	0
-1.516	0
-1.515	0
-1.514	0
-1.513	0
-1.512	0
-1.511	0
-1.51	0
-1.509	0
-1.508	0
-1.507	0
-1.506	0
-1.505	0
-1.504	0
-1.503	0
-1.502	0
-1.501	0
-1.5	0
-1.499	0
-1.498	0
-1.497	0
-1.496	0
-1.495	0
-1.494	0
-1.493	0
-1.492	0
-1.491	0
-1.49	0
-1.489	0
-1.488	0
-1.487	0
-1.486	0
-1.485	0
-1.484	0
-1.483	0
-1.482	0
-1.481	0
-1.48	0
-1.479	0
-1.478	0
-1.477	0
-1.476	0
-1.475	0
-1.474	0
-1.473	0
-1.472	0
-1.471	0
-1.47	0
-1.469	0
-1.468	0
-1.467	0
-1.466	0
-1.465	0
-1.464	0
-1.463	0
-1.462	0
-1.461	0
-1.46	0
-1.459	0
-1.458	0
-1.457	0
-1.456	0
-1.455	0
-1.454	0
-1.453	0
-1.452	0
-1.451	0
-1.45	0
-1.449	0
-1.448	0
-1.447	0
-1.446	0
-1.445	0
-1.444	0
-1.443	0
-1.442	0
-1.441	0
-1.44	0
-1.439	0
-1.438	0
-1.437	0
-1.436	0
-1.435	0
-1.434	0
-1.433	0
-1.432	0
-1.431	0
-1.43	0
-1.429	0
-1.428	0
-1.427	0
-1.426	0
-1.425	0
-1.424	0
-1.423	0
-1.422	0
-1.421	0
-1.42	0
-1.419	0
-1.418	0
-1.417	0
-1.416	0
-1.415	0
-1.414	0
-1.413	0
-1.412	0
-1.411	0
-1.41	0
-1.409	0
-1.408	0
-1.407	0
-1.406	0
-1.405	0
-1.404	0
-1.403	0
-1.402	0
-1.401	0
-1.4	0
-1.399	0
-1.398	0
-1.397	0
-1.396	0
-1.395	0
-1.394	0
-1.393	0
-1.392	0
-1.391	0
-1.39	0
-1.389	0
-1.388	0
-1.387	0
-1.386	0
-1.385	0
-1.384	0
-1.383	0
-1.382	0
-1.381	0
-1.38	0
-1.379	0
-1.378	0
-1.377	0
-1.376	0
-1.375	0
-1.374	0
-1.373	0
-1.372	0
-1.371	0
-1.37	0
-1.369	0
-1.368	0
-1.367	0
-1.366	0
-1.365	0
-1.364	0
-1.363	0
-1.362	0
-1.361	0
-1.36	0
-1.359	0
-1.358	0
-1.357	0
-1.356	0
-1.355	0
-1.354	0
-1.353	0
-1.352	0
-1.351	0
-1.35	0
-1.349	0
-1.348	0
-1.347	0
-1.346	0
-1.345	0
-1.344	0
-1.343	0
-1.342	0
-1.341	0
-1.34	0
-1.339	0
-1.338	0
-1.337	0
-1.336	0
-1.335	0
-1.334	0
-1.333	0
-1.332	0
-1.331	0
-1.33	0
-1.329	0
-1.328	0
-1.327	0
-1.326	0
-1.325	0
-1.324	0
-1.323	0
-1.322	0
-1.321	0
-1.32	0
-1.319	0
-1.318	0
-1.317	0
-1.316	0
-1.315	0
-1.314	0
-1.313	0
-1.312	0
-1.311	0
-1.31	0
-1.309	0
-1.308	0
-1.307	0
-1.306	0
-1.305	0
-1.304	0
-1.303	0
-1.302	0
-1.301	0
-1.3	0
-1.299	0
-1.298	0
-1.297	0
-1.296	0
-1.295	0
-1.294	0
-1.293	0
-1.292	0
-1.291	0
-1.29	0
-1.289	0
-1.288	0
-1.287	0
-1.286	0
-1.285	0
-1.284	0
-1.283	0
-1.282	0
-1.281	0
-1.28	0
-1.279	0
-1.278	0
-1.277	0
-1.276	0
-1.275	0
-1.274	0
-1.273	0
-1.272	0
-1.271	0
-1.27	0
-1.269	0
-1.268	0
-1.267	0
-1.266	0
-1.265	0
-1.264	0
-1.263	0
-1.262	0
-1.261	0
-1.26	0
-1.259	0
-1.258	0
-1.257	0
-1.256	0
-1.255	0
-1.254	0
-1.253	0
-1.252	0
-1.251	0
-1.25	0
-1.249	0
-1.248	0
-1.247	0
-1.246	0
-1.245	0
-1.244	0
-1.243	0
-1.242	0
-1.241	0
-1.24	0
-1.239	0
-1.238	0
-1.237	0
-1.236	0
-1.235	0
-1.234	0
-1.233	0
-1.232	0
-1.231	0
-1.23	0
-1.229	0
-1.228	0
-1.227	0
-1.226	0
-1.225	0
-1.224	0
-1.223	0
-1.222	0
-1.221	0
-1.22	0
-1.219	0
-1.218	0
-1.217	0
-1.216	0
-1.215	0
-1.214	0
-1.213	0
-1.212	0
-1.211	0
-1.21	0
-1.209	0
-1.208	0
-1.207	0
-1.206	0
-1.205	0
-1.204	0
-1.203	0
-1.202	0
-1.201	0
-1.2	0
-1.199	0
-1.198	0
-1.197	0
-1.196	0
-1.195	0
-1.194	0
-1.193	0
-1.192	0
-1.191	0
-1.19	0
-1.189	0
-1.188	0
-1.187	0
-1.186	0
-1.185	0
-1.184	0
-1.183	0
-1.182	0
-1.181	0
-1.18	0
-1.179	0
-1.178	0
-1.177	0
-1.176	0
-1.175	0
-1.174	0
-1.173	0
-1.172	0
-1.171	0
-1.17	0
-1.169	0
-1.168	0
-1.167	0
-1.166	0
-1.165	0
-1.164	0
-1.163	0
-1.162	0
-1.161	0
-1.16	0
-1.159	0
-1.158	0
-1.157	0
-1.156	0
-1.155	0
-1.154	0
-1.153	0
-1.152	0
-1.151	0
-1.15	0
-1.149	0
-1.148	0
-1.147	0
-1.146	0
-1.145	0
-1.144	0
-1.143	0
-1.142	0
-1.141	0
-1.14	0
-1.139	0
-1.138	0
-1.137	0
-1.136	0
-1.135	0
-1.134	0
-1.133	0
-1.132	0
-1.131	0
-1.13	0
-1.129	0
-1.128	0
-1.127	0
-1.126	0
-1.125	0
-1.124	0
-1.123	0
-1.122	0
-1.121	0
-1.12	0
-1.119	0
-1.118	0
-1.117	0
-1.116	0
-1.115	0
-1.114	0
-1.113	0
-1.112	0
-1.111	0
-1.11	0
-1.109	0
-1.108	0
-1.107	0
-1.106	0
-1.105	0
-1.104	0
-1.103	0
-1.102	0
-1.101	0
-1.1	0
-1.099	0
-1.098	0
-1.097	0
-1.096	0
-1.095	0
-1.094	0
-1.093	0
-1.092	0
-1.091	0
-1.09	0
-1.089	0
-1.088	0
-1.087	0
-1.086	0
-1.085	0
-1.084	0
-1.083	0
-1.082	0
-1.081	0
-1.08	0
-1.079	0
-1.078	0
-1.077	0
-1.076	0
-1.075	0
-1.074	0
-1.073	0
-1.072	0
-1.071	0
-1.07	0
-1.069	0
-1.068	0
-1.067	0
-1.066	0
-1.065	0
-1.064	0
-1.063	0
-1.062	0
-1.061	0
-1.06	0
-1.059	0
-1.058	0
-1.057	0
-1.056	0
-1.055	0
-1.054	0
-1.053	0
-1.052	0
-1.051	0
-1.05	0
-1.049	0
-1.048	0
-1.047	0
-1.046	0
-1.045	0
-1.044	0
-1.043	0
-1.042	0
-1.041	0
-1.04	0
-1.039	0
-1.038	0
-1.037	0
-1.036	0
-1.035	0
-1.034	0
-1.033	0
-1.032	0
-1.031	0
-1.03	0
-1.029	0
-1.028	0
-1.027	0
-1.026	0
-1.025	0
-1.024	0
-1.023	0
-1.022	0
-1.021	0
-1.02	0
-1.019	0
-1.018	0
-1.017	0
-1.016	0
-1.015	0
-1.014	0
-1.013	0
-1.012	0
-1.011	0
-1.01	0
-1.009	0
-1.008	0
-1.007	0
-1.006	0
-1.005	0
-1.004	0
-1.003	0
-1.002	0
-1.001	0
-1	0
-0.999	0
-0.998	0
-0.997	0
-0.996	0
-0.995	0
-0.994	0
-0.993	0
-0.992	0
-0.991	0
-0.99	0
-0.989	0
-0.988	0
-0.987	0
-0.986	0
-0.985	0
-0.984	0
-0.983	0
-0.982	0
-0.981	0
-0.98	0
-0.979	0
-0.978	0
-0.977	0
-0.976	0
-0.975	0
-0.974	0
-0.973	0
-0.972	0
-0.971	0
-0.97	0
-0.969	0
-0.968	0
-0.967	0
-0.966	0
-0.965	0
-0.964	0
-0.963	0
-0.962	0
-0.961	0
-0.96	0
-0.959	0
-0.958	0
-0.957	0
-0.956	0
-0.955	0
-0.954	0
-0.953	0
-0.952	0
-0.951	0
-0.95	0
-0.949	0
-0.948	0
-0.947	0
-0.946	0
-0.945	0
-0.944	0
-0.943	0
-0.942	0
-0.941	0
-0.94	0
-0.939	0
-0.938	0
-0.937	0
-0.936	0
-0.935	0
-0.934	0
-0.933	0
-0.932	0
-0.931	0
-0.93	0
-0.929	0
-0.928	0
-0.927	0
-0.926	0
-0.925	0
-0.924	0
-0.923	0
-0.922	0
-0.921	0
-0.92	0
-0.919	0
-0.918	0
-0.917	0
-0.916	0
-0.915	0
-0.914	0
-0.913	0
-0.912	0
-0.911	0
-0.91	0
-0.909	0
-0.908	0
-0.907	0
-0.906	0
-0.905	0
-0.904	0
-0.903	0
-0.902	0
-0.901	0
-0.9	0
-0.899	0
-0.898	0
-0.897	0
-0.896	0
-0.895	0
-0.894	0
-0.893	0
-0.892	0
-0.891	0
-0.89	0
-0.889	0
-0.888	0
-0.887	0
-0.886	0
-0.885	0
-0.884	0
-0.883	0
-0.882	0
-0.881	0
-0.88	0
-0.879	0
-0.878	0
-0.877	0
-0.876	0
-0.875	0
-0.874	0
-0.873	0
-0.872	0
-0.871	0
-0.87	0
-0.869	0
-0.868	0
-0.867	0
-0.866	0
-0.865	0
-0.864	0
-0.863	0
-0.862	0
-0.861	0
-0.86	0
-0.859	0
-0.858	0
-0.857	0
-0.856	0
-0.855	0
-0.854	0
-0.853	0
-0.852	0
-0.851	0
-0.85	0
-0.849	0
-0.848	0
-0.847	0
-0.846	0
-0.845	0
-0.844	0
-0.843	0
-0.842	0
-0.841	0
-0.84	0
-0.839	0
-0.838	0
-0.837	0
-0.836	0
-0.835	0
-0.834	0
-0.833	0
-0.832	0
-0.831	0
-0.83	0
-0.829	0
-0.828	0
-0.827	0
-0.826	0
-0.825	0
-0.824	0
-0.823	0
-0.822	0
-0.821	0
-0.82	0
-0.819	0
-0.818	0
-0.817	0
-0.816	0
-0.815	0
-0.814	0
-0.813	0
-0.812	0
-0.811	0
-0.81	0
-0.809	0
-0.808	0
-0.807	0
-0.806	0
-0.805	0
-0.804	0
-0.803	0
-0.802	0
-0.801	0
-0.8	0
-0.799	0
-0.798	0
-0.797	0
-0.796	0
-0.795	0
-0.794	0
-0.793	0
-0.792	0
-0.791	0
-0.79	0
-0.789	0
-0.788	0
-0.787	0
-0.786	0
-0.785	0
-0.784	0
-0.783	0
-0.782	0
-0.781	0
-0.78	0
-0.779	0
-0.778	0
-0.777	0
-0.776	0
-0.775	0
-0.774	0
-0.773	0
-0.772	0
-0.771	0
-0.77	0
-0.769	0
-0.768	0
-0.767	0
-0.766	0
-0.765	0
-0.764	0
-0.763	0
-0.762	0
-0.761	0
-0.76	0
-0.759	0
-0.758	0
-0.757	0
-0.756	0
-0.755	0
-0.754	0
-0.753	0
-0.752	0
-0.751	0
-0.75	0
-0.749	0
-0.748	0
-0.747	0
-0.746	0
-0.745	0
-0.744	0
-0.743	0
-0.742	0
-0.741	0
-0.74	0
-0.739	0
-0.738	0
-0.737	0
-0.736	0
-0.735	0
-0.734	0
-0.733	0
-0.732	0
-0.731	0
-0.73	0
-0.729	0
-0.728	0
-0.727	0
-0.726	0
-0.725	0
-0.724	0
-0.723	0
-0.722	0
-0.721	0
-0.72	0
-0.719	0
-0.718	0
-0.717	0
-0.716	0
-0.715	0
-0.714	0
-0.713	0
-0.712	0
-0.711	0
-0.71	0
-0.709	0
-0.708	0
-0.707	0
-0.706	0
-0.705	0
-0.704	0
-0.703	0
-0.702	0
-0.701	0
-0.7	0
-0.699	0
-0.698	0
-0.697	0
-0.696	0
-0.695	0
-0.694	0
-0.693	0
-0.692	0
-0.691	0
-0.69	0
-0.689	0
-0.688	0
-0.687	0
-0.686	0
-0.685	0
-0.684	0
-0.683	0
-0.682	0
-0.681	0
-0.68	0
-0.679	0
-0.678	0
-0.677	0
-0.676	0
-0.675	0
-0.674	0
-0.673	0
-0.672	0
-0.671	0
-0.67	0
-0.669	0
-0.668	0
-0.667	0
-0.666	0
-0.665	0
-0.664	0
-0.663	0
-0.662	0
-0.661	0
-0.66	0
-0.659	0
-0.658	0
-0.657	0
-0.656	0
-0.655	0
-0.654	0
-0.653	0
-0.652	0
-0.651	0
-0.65	0
-0.649	0
-0.648	0
-0.647	0
-0.646	0
-0.645	0
-0.644	0
-0.643	0
-0.642	0
-0.641	0
-0.64	0
-0.639	0
-0.638	0
-0.637	0
-0.636	0
-0.635	0
-0.634	0
-0.633	0
-0.632	0
-0.631	0
-0.63	0
-0.629	0
-0.628	0
-0.627	0
-0.626	0
-0.625	0
-0.624	0
-0.623	0
-0.622	0
-0.621	0
-0.62	0
-0.619	0
-0.618	0
-0.617	0
-0.616	0
-0.615	0
-0.614	0
-0.613	0
-0.612	0
-0.611	0
-0.61	0
-0.609	0
-0.608	0
-0.607	0
-0.606	0
-0.605	0
-0.604	0
-0.603	0
-0.602	0
-0.601	0
-0.6	0
-0.599	0
-0.598	0
-0.597	0
-0.596	0
-0.595	0
-0.594	0
-0.593	0
-0.592	0
-0.591	0
-0.59	0
-0.589	0
-0.588	0
-0.587	0
-0.586	0
-0.585	0
-0.584	0
-0.583	0
-0.582	0
-0.581	0
-0.58	0
-0.579	0
-0.578	0
-0.577	0
-0.576	0
-0.575	0
-0.574	0
-0.573	0
-0.572	0
-0.571	0
-0.57	0
-0.569	0
-0.568	0
-0.567	0
-0.566	0
-0.565	0
-0.564	0
-0.563	0
-0.562	0
-0.561	0
-0.56	0
-0.559	0
-0.558	0
-0.557	0
-0.556	0
-0.555	0
-0.554	0
-0.553	0
-0.552	0
-0.551	0
-0.55	0
-0.549	0
-0.548	0
-0.547	0
-0.546	0
-0.545	0
-0.544	0
-0.543	0
-0.542	0
-0.541	0
-0.54	0
-0.539	0
-0.538	0
-0.537	0
-0.536	0
-0.535	0
-0.534	0
-0.533	0
-0.532	0
-0.531	0
-0.53	0
-0.529	0
-0.528	0
-0.527	0
-0.526	0
-0.525	0
-0.524	0
-0.523	0
-0.522	0
-0.521	0
-0.52	0
-0.519	0
-0.518	0
-0.517	0
-0.516	0
-0.515	0
-0.514	0
-0.513	0
-0.512	0
-0.511	0
-0.51	0
-0.509	0
-0.508	0
-0.507	0
-0.506	0
-0.505	0
-0.504	0
-0.503	0
-0.502	0
-0.501	0
-0.5	0
-0.499	0
-0.498	0
-0.497	0
-0.496	0
-0.495	0
-0.494	0
-0.493	0
-0.492	0
-0.491	0
-0.49	0
-0.489	0
-0.488	0
-0.487	0
-0.486	0
-0.485	0
-0.484	0
-0.483	0
-0.482	0
-0.481	0
-0.48	0
-0.479	0
-0.478	0
-0.477	0
-0.476	0
-0.475	0
-0.474	0
-0.473	0
-0.472	0
-0.471	0
-0.47	0
-0.469	0
-0.468	0
-0.467	0
-0.466	0
-0.465	0
-0.464	0
-0.463	0
-0.462	0
-0.461	0
-0.46	0
-0.459	0
-0.458	0
-0.457	0
-0.456	0
-0.455	0
-0.454	0
-0.453	0
-0.452	0
-0.451	0
-0.45	0
-0.449	0
-0.448	0
-0.447	0
-0.446	0
-0.445	0
-0.444	0
-0.443	0
-0.442	0
-0.441	0
-0.44	0
-0.439	0
-0.438	0
-0.437	0
-0.436	0
-0.435	0
-0.434	0
-0.433	0
-0.432	0
-0.431	0
-0.43	0
-0.429	0
-0.428	0
-0.427	0
-0.426	0
-0.425	0
-0.424	0
-0.423	0
-0.422	0
-0.421	0
-0.42	0
-0.419	0
-0.418	0
-0.417	0
-0.416	0
-0.415	0
-0.414	0
-0.413	0
-0.412	0
-0.411	0
-0.41	0
-0.409	0
-0.408	0
-0.407	0
-0.406	0
-0.405	0
-0.404	0
-0.403	0
-0.402	0
-0.401	0
-0.4	0
-0.399	0
-0.398	0
-0.397	0
-0.396	0
-0.395	0
-0.394	0
-0.393	0
-0.392	0
-0.391	0
-0.39	0
-0.389	0
-0.388	0
-0.387	0
-0.386	0
-0.385	0
-0.384	0
-0.383	0
-0.382	0
-0.381	0
-0.38	0
-0.379	0
-0.378	0
-0.377	0
-0.376	0
-0.375	0
-0.374	0
-0.373	0
-0.372	0
-0.371	0
-0.37	0
-0.369	0
-0.368	0
-0.367	0
-0.366	0
-0.365	0
-0.364	0
-0.363	0
-0.362	0
-0.361	0
-0.36	0
-0.359	0
-0.358	0
-0.357	0
-0.356	0
-0.355	0
-0.354	0
-0.353	0
-0.352	0
-0.351	0
-0.35	0
-0.349	0
-0.348	0
-0.347	0
-0.346	0
-0.345	0
-0.344	0
-0.343	0
-0.342	0
-0.341	0
-0.34	0
-0.339	0
-0.338	0
-0.337	0
-0.336	0
-0.335	0
-0.334	0
-0.333	0
-0.332	0
-0.331	0
-0.33	0
-0.329	0
-0.328	0
-0.327	0
-0.326	0
-0.325	0
-0.324	0
-0.323	0
-0.322	0
-0.321	0
-0.32	0
-0.319	0
-0.318	0
-0.317	0
-0.316	0
-0.315	0
-0.314	0
-0.313	0
-0.312	0
-0.311	0
-0.31	0
-0.309	0
-0.308	0
-0.307	0
-0.306	0
-0.305	0
-0.304	0
-0.303	0
-0.302	0
-0.301	0
-0.3	0
-0.299	0
-0.298	0
-0.297	0
-0.296	0
-0.295	0
-0.294	0
-0.293	0
-0.292	0
-0.291	0
-0.29	0
-0.289	0
-0.288	0
-0.287	0
-0.286	0
-0.285	0
-0.284	0
-0.283	0
-0.282	0
-0.281	0
-0.28	0
-0.279	0
-0.278	0
-0.277	0
-0.276	0
-0.275	0
-0.274	0
-0.273	0
-0.272	0
-0.271	0
-0.27	0
-0.269	0
-0.268	0
-0.267	0
-0.266	0
-0.265	0
-0.264	0
-0.263	0
-0.262	0
-0.261	0
-0.26	0
-0.259	0
-0.258	0
-0.257	0
-0.256	0
-0.255	0
-0.254	0
-0.253	0
-0.252	0
-0.251	0
-0.25	0
-0.249	0
-0.248	0
-0.247	0
-0.246	0
-0.245	0
-0.244	0
-0.243	0
-0.242	0
-0.241	0
-0.24	0
-0.239	0
-0.238	0
-0.237	0
-0.236	0
-0.235	0
-0.234	0
-0.233	0
-0.232	0
-0.231	0
-0.23	0
-0.229	0
-0.228	0
-0.227	0
-0.226	0
-0.225	0
-0.224	0
-0.223	0
-0.222	0
-0.221	0
-0.22	0
-0.219	0
-0.218	0
-0.217	0
-0.216	0
-0.215	0
-0.214	0
-0.213	0
-0.212	0
-0.211	0
-0.21	0
-0.209	0
-0.208	0
-0.207	0
-0.206	0
-0.205	0
-0.204	0
-0.203	0
-0.202	0
-0.201	0
-0.2	0
-0.199	0
-0.198	0
-0.197	0
-0.196	0
-0.195	0
-0.194	0
-0.193	0
-0.192	0
-0.191	0
-0.19	0
-0.189	0
-0.188	0
-0.187	0
-0.186	0
-0.185	0
-0.184	0
-0.183	0
-0.182	0
-0.181	0
-0.18	0
-0.179	0
-0.178	0
-0.177	0
-0.176	0
-0.175	0
-0.174	0
-0.173	0
-0.172	0
-0.171	0
-0.17	0
-0.169	0
-0.168	0
-0.167	0
-0.166	0
-0.165	0
-0.164	0
-0.163	0
-0.162	0
-0.161	0
-0.16	0
-0.159	0
-0.158	0
-0.157	0
-0.156	0
-0.155	0
-0.154	0
-0.153	0
-0.152	0
-0.151	0
-0.15	0
-0.149	0
-0.148	0
-0.147	0
-0.146	0
-0.145	0
-0.144	0
-0.143	0
-0.142	0
-0.141	0
-0.14	0
-0.139	0
-0.138	0
-0.137	0
-0.136	0
-0.135	0
-0.134	0
-0.133	0
-0.132	0
-0.131	0
-0.13	0
-0.129	0
-0.128	0
-0.127	0
-0.126	0
-0.125	0
-0.124	0
-0.123	0
-0.122	0
-0.121	0
-0.12	0
-0.119	0
-0.118	0
-0.117	0
-0.116	0
-0.115	0
-0.114	0
-0.113	0
-0.112	0
-0.111	0
-0.11	0
-0.109	0
-0.108	0
-0.107	0
-0.106	0
-0.105	0
-0.104	0
-0.103	0
-0.102	0
-0.101	0
-0.1	0
-0.099	0
-0.098	0
-0.097	0
-0.096	0
-0.095	0
-0.094	0
-0.093	0
-0.092	0
-0.091	0
-0.09	0
-0.089	0
-0.088	0
-0.087	0
-0.086	0
-0.085	0
-0.084	0
-0.083	0
-0.082	0
-0.081	0
-0.08	0
-0.079	0
-0.078	0
-0.077	0
-0.076	0
-0.075	0
-0.074	0
-0.073	0
-0.072	0
-0.071	0
-0.07	0
-0.069	0
-0.068	0
-0.067	0
-0.066	0
-0.065	0
-0.064	0
-0.063	0
-0.062	0
-0.061	0
-0.06	0
-0.059	0
-0.058	0
-0.057	0
-0.056	0
-0.055	0
-0.054	0
-0.053	0
-0.052	0
-0.051	0
-0.05	0
-0.049	0
-0.048	0
-0.047	0
-0.046	0
-0.045	0
-0.044	0
-0.043	0
-0.042	0
-0.041	0
-0.04	0
-0.039	0
-0.038	0
-0.037	0
-0.036	0
-0.035	0
-0.034	0
-0.033	0
-0.032	0
-0.031	0
-0.03	0
-0.029	0
-0.028	0
-0.027	0
-0.026	0
-0.025	0
-0.024	0
-0.023	0
-0.022	0
-0.021	0
-0.02	0
-0.019	0
-0.018	0
-0.017	0
-0.016	0
-0.015	0
-0.014	0
-0.013	0
-0.012	0
-0.011	0
-0.01	0
-0.009	0
-0.008	0
-0.007	0
-0.006	0
-0.005	0
-0.004	0
-0.003	0
-0.002	0
-0.001	0
-1.0842e-19	0
0.001	0
0.002	0
0.003	0
0.004	0
0.005	0
0.006	0
0.007	0
0.008	0
0.009	0
0.01	0
0.011	0
0.012	0
0.013	0
0.014	0
0.015	0
0.016	0
0.017	1
0.018	1
0.019	1
0.02	0
0.021	1
0.022	1
0.023	1
0.024	2
0.025	2
0.026	4
0.027	1
0.028	1
0.029	1
0.03	1
0.031	5
0.032	0
0.033	1
0.034	3
0.035	2
0.036	5
0.037	5
0.038	3
0.039	4
0.04	7
0.041	3
0.042	3
0.043	2
0.044	7
0.045	5
0.046	3
0.047	3
0.048	8
0.049	6
0.05	4
0.051	5
0.052	7
0.053	7
0.054	8
0.055	4
0.056	4
0.057	6
0.058	5
0.059	6
0.06	9
0.061	7
0.062	3
0.063	5
0.064	6
0.065	7
0.066	4
0.067	9
0.068	7
0.069	10
0.07	8
0.071	8
0.072	3
0.073	10
0.074	6
0.075	11
0.076	4
0.077	7
0.078	8
0.079	8
0.08	4
0.081	7
0.082	9
0.083	9
0.084	5
0.085	12
0.086	8
0.087	15
0.088	13
0.089	7
0.09	10
0.091	15
0.092	3
0.093	17
0.094	3
0.095	7
0.096	2
0.097	6
0.098	12
0.099	9
0.1	6
0.101	9
0.102	10
0.103	6
0.104	11
0.105	9
0.106	3
0.107	8
0.108	11
0.109	13
0.11	8
0.111	7
0.112	8
0.113	8
0.114	10
0.115	10
0.116	8
0.117	10
0.118	16
0.119	9
0.12	8
0.121	11
0.122	10
0.123	10
0.124	13
0.125	7
0.126	6
0.127	8
0.128	6
0.129	4
0.13	11
0.131	6
0.132	4
0.133	15
0.134	14
0.135	6
0.136	6
0.137	8
0.138	8
0.139	9
0.14	10
0.141	9
0.142	10
0.143	11
0.144	7
0.145	9
0.146	9
0.147	8
0.148	7
0.149	5
0.15	9
0.151	14
0.152	7
0.153	7
0.154	6
0.155	10
0.156	2
0.157	9
0.158	9
0.159	10
0.16	3
0.161	7
0.162	8
0.163	5
0.164	11
0.165	9
0.166	10
0.167	7
0.168	14
0.169	12
0.17	10
0.171	6
0.172	9
0.173	10
0.174	14
0.175	8
0.176	8
0.177	6
0.178	10
0.179	4
0.18	12
0.181	7
0.182	7
0.183	8
0.184	11
0.185	12
0.186	9
0.187	8
0.188	16
0.189	5
0.19	14
0.191	8
0.192	6
0.193	11
0.194	12
0.195	7
0.196	5
0.197	7
0.198	7
0.199	8
0.2	14
0.201	9
0.202	7
0.203	7
0.204	9
0.205	6
0.206	12
0.207	11
0.208	4
0.209	14
0.21	9
0.211	15
0.212	3
0.213	13
0.214	3
0.215	7
0.216	8
0.217	4
0.218	14
0.219	8
0.22	7
0.221	5
0.222	4
0.223	7
0.224	6
0.225	3
0.226	1
0.227	10
0.228	5
0.229	8
0.23	10
0.231	6
0.232	12
0.233	6
0.234	8
0.235	8
0.236	6
0.237	4
0.238	6
0.239	9
0.24	8
0.241	8
0.242	5
0.243	5
0.244	9
0.245	4
0.246	6
0.247	8
0.248	13
0.249	2
0.25	8
0.251	10
0.252	8
0.253	7
0.254	2
0.255	3
0.256	8
0.257	7
0.258	7
0.259	11
0.26	10
0.261	1
0.262	6
0.263	7
0.264	4
0.265	6
0.266	4
0.267	7
0.268	5
0.269	4
0.27	2
0.271	8
0.272	10
0.273	4
0.274	1
0.275	6
0.276	5
0.277	9
0.278	8
0.279	8
0.28	5
0.281	5
0.282	7
0.283	2
0.284	3
0.285	10
0.286	6
0.287	5
0.288	3
0.289	7
0.29	4
0.291	5
0.292	3
0.293	6
0.294	8
0.295	3
0.296	2
0.297	10
0.298	7
0.299	6
0.3	5
0.301	7
0.302	3
0.303	7
0.304	2
0.305	4
0.306	11
0.307	6
0.308	7
0.309	9
0.31	11
0.311	6
0.312	4
0.313	5
0.314	2
0.315	7
0.316	0
0.317	9
0.318	10
0.319	8
0.32	6
0.321	0
0.322	2
0.323	3
0.324	8
0.325	2
0.326	10
0.327	3
0.328	4
0.329	3
0.33	3
0.331	6
0.332	13
0.333	5
0.334	4
0.335	3
0.336	7
0.337	2
0.338	8
0.339	6
0.34	2
0.341	5
0.342	3
0.343	4
0.344	0
0.345	4
0.346	4
0.347	5
0.348	2
0.349	2
0.35	3
0.351	4
0.352	7
0.353	5
0.354	4
0.355	8
0.356	2
0.357	4
0.358	5
0.359	3
0.36	2
0.361	4
0.362	3
0.363	7
0.364	4
0.365	4
0.366	3
0.367	6
0.368	4
0.369	4
0.37	5
0.371	5
0.372	6
0.373	5
0.374	4
0.375	5
0.376	4
0.377	2
0.378	1
0.379	2
0.38	4
0.381	8
0.382	8
0.383	4
0.384	1
0.385	4
0.386	5
0.387	3
0.388	1
0.389	4
0.39	4
0.391	1
0.392	3
0.393	6
0.394	2
0.395	3
0.396	3
0.397	4
0.398	2
0.399	3
0.4	4
0.401	3
0.402	2
0.403	2
0.404	7
0.405	3
0.406	3
0.407	3
0.408	3
0.409	2
0.41	3
0.411	5
0.412	3
0.413	4
0.414	2
0.415	2
0.416	4
0.417	0
0.418	3
0.419	3
0.42	4
0.421	4
0.422	6
0.423	1
0.424	3
0.425	4
0.426	4
0.427	7
0.428	2
0.429	2
0.43	2
0.431	3
0.432	1
0.433	4
0.434	4
0.435	3
0.436	2
0.437	2
0.438	3
0.439	2
0.44	0
0.441	2
0.442	1
0.443	4
0.444	2
0.445	3
0.446	1
0.447	0
0.448	3
0.449	3
0.45	3
0.451	2
0.452	4
0.453	2
0.454	1
0.455	2
0.456	2
0.457	1
0.458	1
0.459	2
0.46	3
0.461	2
0.462	11
0.463	3
0.464	1
0.465	5
0.466	4
0.467	2
0.468	1
0.469	2
0.47	4
0.471	1
0.472	0
0.473	2
0.474	2
0.475	4
0.476	0
0.477	1
0.478	1
0.479	3
0.48	3
0.481	1
0.482	1
0.483	1
0.484	5
0.485	1
0.486	3
0.487	3
0.488	1
0.489	3
0.49	6
0.491	2
0.492	4
0.493	1
0.494	1
0.495	3
0.496	1
0.497	5
0.498	4
0.499	1
0.5	1
0.501	6
0.502	1
0.503	4
0.504	2
0.505	2
0.506	3
0.507	2
0.508	1
0.509	2
0.51	3
0.511	4
0.512	1
0.513	3
0.514	1
0.515	0
0.516	3
0.517	0
0.518	1
0.519	4
0.52	2
0.521	3
0.522	1
0.523	1
0.524	0
0.525	1
0.526	1
0.527	1
0.528	2
0.529	2
0.53	0
0.531	4
0.532	1
0.533	1
0.534	3
0.535	3
0.536	1
0.537	3
0.538	4
0.539	4
0.54	0
0.541	2
0.542	1
0.543	2
0.544	2
0.545	2
0.546	1
0.547	1
0.548	0
0.549	2
0.55	1
0.551	5
0.552	2
0.553	0
0.554	2
0.555	4
0.556	1
0.557	4
0.558	2
0.559	0
0.56	1
0.561	2
0.562	0
0.563	4
0.564	3
0.565	3
0.566	0
0.567	1
0.568	1
0.569	0
0.57	1
0.571	3
0.572	2
0.573	2
0.574	4
0.575	1
0.576	0
0.577	4
0.578	1
0.579	1
0.58	1
0.581	1
0.582	2
0.583	3
0.584	1
0.585	2
0.586	1
0.587	2
0.588	0
0.589	1
0.59	3
0.591	0
0.592	1
0.593	0
0.594	1
0.595	4
0.596	2
0.597	3
0.598	0
0.599	3
0.6	0
0.601	1
0.602	1
0.603	0
0.604	1
0.605	1
0.606	1
0.607	5
0.608	0
0.609	0
0.61	1
0.611	2
0.612	4
0.613	3
0.614	0
0.615	1
0.616	0
0.617	0
0.618	3
0.619	1
0.62	1
0.621	0
0.622	7
0.623	2
0.624	2
0.625	1
0.626	0
0.627	3
0.628	3
0.629	1
0.63	2
0.631	2
0.632	1
0.633	1
0.634	7
0.635	1
0.636	0
0.637	2
0.638	0
0.639	2
0.64	0
0.641	1
0.642	2
0.643	2
0.644	2
0.645	1
0.646	1
0.647	1
0.648	1
0.649	3
0.65	2
0.651	1
0.652	1
0.653	1
0.654	1
0.655	0
0.656	1
0.657	2
0.658	0
0.659	2
0.66	0
0.661	1
0.662	1
0.663	3
0.664	2
0.665	0
0.666	2
0.667	3
0.668	3
0.669	0
0.67	3
0.671	1
0.672	2
0.673	0
0.674	1
0.675	1
0.676	0
0.677	0
0.678	0
0.679	2
0.68	0
0.681	0
0.682	3
0.683	3
0.684	0
0.685	1
0.686	2
0.687	2
0.688	3
0.689	3
0.69	4
0.691	0
0.692	4
0.693	0
0.694	3
0.695	1
0.696	1
0.697	1
0.698	2
0.699	1
0.7	2
0.701	0
0.702	2
0.703	1
0.704	1
0.705	2
0.706	0
0.707	2
0.708	2
0.709	3
0.71	2
0.711	1
0.712	2
0.713	1
0.714	1
0.715	3
0.716	1
0.717	1
0.718	0
0.719	3
0.72	1
0.721	1
0.722	3
0.723	2
0.724	0
0.725	1
0.726	1
0.727	0
0.728	1
0.729	1
0.73	1
0.731	2
0.732	1
0.733	1
0.734	2
0.735	3
0.736	2
0.737	2
0.738	1
0.739	1
0.74	2
0.741	4
0.742	0
0.743	3
0.744	1
0.745	2
0.746	0
0.747	0
0.748	1
0.749	0
0.75	0
0.751	2
0.752	1
0.753	2
0.754	0
0.755	2
0.756	2
0.757	2
0.758	1
0.759	2
0.76	1
0.761	1
0.762	3
0.763	0
0.764	2
0.765	1
0.766	2
0.767	0
0.768	2
0.769	2
0.77	0
0.771	1
0.772	4
0.773	0
0.774	1
0.775	2
0.776	2
0.777	0
0.778	0
0.779	3
0.78	0
0.781	2
0.782	3
0.783	2
0.784	2
0.785	2
0.786	1
0.787	1
0.788	1
0.789	4
0.79	1
0.791	1
0.792	0
0.793	2
0.794	0
0.795	0
0.796	1
0.797	1
0.798	2
0.799	4
0.8	0
0.801	0
0.802	0
0.803	0
0.804	0
0.805	3
0.806	1
0.807	1
0.808	1
0.809	1
0.81	0
0.811	0
0.812	0
0.813	1
0.814	1
0.815	0
0.816	1
0.817	1
0.818	2
0.819	3
0.82	3
0.821	2
0.822	3
0.823	0
0.824	1
0.825	1
0.826	0
0.827	1
0.828	1
0.829	3
0.83	0
0.831	0
0.832	0
0.833	3
0.834	1
0.835	0
0.836	4
0.837	1
0.838	0
0.839	1
0.84	1
0.841	1
0.842	1
0.843	1
0.844	2
0.845	2
0.846	1
0.847	0
0.848	1
0.849	0
0.85	0
0.851	2
0.852	3
0.853	0
0.854	2
0.855	1
0.856	0
0.857	0
0.858	2
0.859	1
0.86	0
0.861	1
0.862	1
0.863	0
0.864	0
0.865	1
0.866	1
0.867	1
0.868	1
0.869	0
0.87	1
0.871	0
0.872	0
0.873	4
0.874	2
0.875	0
0.876	0
0.877	1
0.878	1
0.879	1
0.88	0
0.881	1
0.882	0
0.883	0
0.884	1
0.885	3
0.886	0
0.887	2
0.888	1
0.889	0
0.89	1
0.891	1
0.892	0
0.893	2
0.894	2
0.895	1
0.896	0
0.897	1
0.898	1
0.899	0
0.9	0
0.901	1
0.902	1
0.903	2
0.904	1
0.905	3
0.906	2
0.907	0
0.908	2
0.909	0
0.91	1
0.911	1
0.912	1
0.913	0
0.914	3
0.915	1
0.916	0
0.917	1
0.918	2
0.919	2
0.92	0
0.921	1
0.922	1
0.923	1
0.924	4
0.925	1
0.926	0
0.927	1
0.928	0
0.929	0
0.93	0
0.931	0
0.932	1
0.933	0
0.934	3
0.935	1
0.936	2
0.937	0
0.938	1
0.939	0
0.94	1
0.941	2
0.942	0
0.943	1
0.944	0
0.945	2
0.946	1
0.947	0
0.948	0
0.949	0
0.95	0
0.951	2
0.952	1
0.953	0
0.954	1
0.955	0
0.956	0
0.957	1
0.958	1
0.959	2
0.96	4
0.961	3
0.962	0
0.963	1
0.964	0
0.965	0
0.966	0
0.967	1
0.968	3
0.969	2
0.97	0
0.971	2
0.972	1
0.973	1
0.974	0
0.975	1
0.976	0
0.977	1
0.978	0
0.979	0
0.98	0
0.981	0
0.982	0
0.983	1
0.984	1
0.985	2
0.986	1
0.987	0
0.988	2
0.989	0
0.99	1
0.991	0
0.992	0
0.993	1
0.994	0
0.995	2
0.996	0
0.997	0
0.998	0
0.999	0
1	0
1.001	1
1.002	0
1.003	0
1.004	1
1.005	2
1.006	2
1.007	1
1.008	0
1.009	0
1.01	0
1.011	2
1.012	0
1.013	1
1.014	0
1.015	1
1.016	1
1.017	3
1.018	0
1.019	3
1.02	0
1.021	1
1.022	1
1.023	1
1.024	0
1.025	0
1.026	0
1.027	0
1.028	1
1.029	2
1.03	0
1.031	0
1.032	1
1.033	1
1.034	1
1.035	2
1.036	0
1.037	2
1.038	0
1.039	1
1.04	0
1.041	0
1.042	0
1.043	0
1.044	0
1.045	0
1.046	0
1.047	2
1.048	1
1.049	1
1.05	0
1.051	0
1.052	0
1.053	2
1.054	0
1.055	0
1.056	0
1.057	1
1.058	0
1.059	0
1.06	0
1.061	1
1.062	0
1.063	2
1.064	0
1.065	1
1.066	0
1.067	2
1.068	1
1.069	1
1.07	1
1.071	2
1.072	0
1.073	1
1.074	1
1.075	0
1.076	2
1.077	0
1.078	1
1.079	1
1.08	1
1.081	0
1.082	0
1.083	0
1.084	0
1.085	2
1.086	1
1.087	0
1.088	1
1.089	2
1.09	1
1.091	0
1.092	1
1.093	1
1.094	1
1.095	0
1.096	0
1.097	1
1.098	1
1.099	0
1.1	0
1.101	0
1.102	0
1.103	1
1.104	0
1.105	1
1.106	1
1.107	1
1.108	0
1.109	2
1.11	3
1.111	1
1.112	1
1.113	1
1.114	0
1.115	0
1.116	0
1.117	0
1.118	0
1.119	0
1.12	0
1.121	1
1.122	1
1.123	3
1.124	0
1.125	0
1.126	0
1.127	0
1.128	0
1.129	0
1.13	2
1.131	0
1.132	0
1.133	0
1.134	2
1.135	0
1.136	0
1.137	0
1.138	0
1.139	1
1.14	0
1.141	2
1.142	0
1.143	3
1.144	0
1.145	1
1.146	0
1.147	3
1.148	1
1.149	1
1.15	2
1.151	0
1.152	1
1.153	0
1.154	0
1.155	0
1.156	0
1.157	1
1.158	1
1.159	0
1.16	0
1.161	1
1.162	2
1.163	3
1.164	0
1.165	1
1.166	0
1.167	1
1.168	1
1.169	0
1.17	0
1.171	5
1.172	0
1.173	0
1.174	0
1.175	2
1.176	1
1.177	2
1.178	1
1.179	0
1.18	0
1.181	1
1.182	1
1.183	1
1.184	3
1.185	1
1.186	1
1.187	1
1.188	1
1.189	2
1.19	0
1.191	1
1.192	0
1.193	1
1.194	0
1.195	1
1.196	1
1.197	0
1.198	1
1.199	0
1.2	0
1.201	1
1.202	0
1.203	0
1.204	0
1.205	1
1.206	0
1.207	1
1.208	0
1.209	0
1.21	0
1.211	1
1.212	0
1.213	3
1.214	0
1.215	0
1.216	0
1.217	0
1.218	0
1.219	1
1.22	1
1.221	0
1.222	0
1.223	1
1.224	0
1.225	0
1.226	2
1.227	0
1.228	0
1.229	0
1.23	0
1.231	0
1.232	0
1.233	1
1.234	1
1.235	0
1.236	0
1.237	1
1.238	0
1.239	3
1.24	0
1.241	0
1.242	0
1.243	2
1.244	0
1.245	0
1.246	1
1.247	0
1.248	1
1.249	1
1.25	0
1.251	0
1.252	0
1.253	1
1.254	1
1.255	0
1.256	0
1.257	0
1.258	0
1.259	0
1.26	0
1.261	1
1.262	1
1.263	1
1.264	1
1.265	0
1.266	1
1.267	0
1.268	0
1.269	1
1.27	0
1.271	1
1.272	0
1.273	0
1.274	0
1.275	0
1.276	1
1.277	0
1.278	0
1.279	2
1.28	0
1.281	2
1.282	1
1.283	0
1.284	0
1.285	2
1.286	1
1.287	1
1.288	0
1.289	0
1.29	2
1.291	2
1.292	0
1.293	1
1.294	0
1.295	0
1.296	2
1.297	3
1.298	1
1.299	0
1.3	0
1.301	1
1.302	0
1.303	0
1.304	2
1.305	0
1.306	1
1.307	0
1.308	1
1.309	1
1.31	1
1.311	0
1.312	1
1.313	0
1.314	0
1.315	0
1.316	0
1.317	0
1.318	0
1.319	0
1.32	0
1.321	1
1.322	1
1.323	2
1.324	0
1.325	0
1.326	0
1.327	0
1.328	1
1.329	0
1.33	0
1.331	1
1.332	0
1.333	2
1.334	0
1.335	0
1.336	0
1.337	0
1.338	0
1.339	0
1.34	1
1.341	1
1.342	0
1.343	0
1.344	0
1.345	0
1.346	2
1.347	1
1.348	0
1.349	1
1.35	0
1.351	1
1.352	0
1.353	2
1.354	0
1.355	0
1.356	0
1.357	0
1.358	0
1.359	1
1.36	0
1.361	0
1.362	0
1.363	2
1.364	1
1.365	0
1.366	1
1.367	0
1.368	2
1.369	0
1.37	0
1.371	0
1.372	0
1.373	0
1.374	1
1.375	0
1.376	0
1.377	1
1.378	1
1.379	0
1.38	1
1.381	0
1.382	0
1.383	1
1.384	0
1.385	0
1.386	2
1.387	0
1.388	0
1.389	0
1.39	0
1.391	0
1.392	1
1.393	1
1.394	1
1.395	1
1.396	0
1.397	0
1.398	0
1.399	1
1.4	1
1.401	1
1.402	1
1.403	1
1.404	1
1.405	1
1.406	0
1.407	1
1.408	1
1.409	0
1.41	0
1.411	0
1.412	1
1.413	1
1.414	0
1.415	0
1.416	0
1.417	2
1.418	2
1.419	1
1.42	2
1.421	1
1.422	0
1.423	0
1.424	0
1.425	0
1.426	0
1.427	0
1.428	0
1.429	1
1.43	4
1.431	1
1.432	0
1.433	0
1.434	0
1.435	1
1.436	0
1.437	1
1.438	1
1.439	0
1.44	0
1.441	1
1.442	0
1.443	0
1.444	0
1.445	0
1.446	0
1.447	1
1.448	0
1.449	1
1.45	0
1.451	0
1.452	0
1.453	2
1.454	1
1.455	1
1.456	0
1.457	0
1.458	0
1.459	0
1.46	0
1.461	1
1.462	0
1.463	0
1.464	1
1.465	0
1.466	2
1.467	1
1.468	2
1.469	0
1.47	1
1.471	0
1.472	0
1.473	0
1.474	1
1.475	0
1.476	1
1.477	0
1.478	0
1.479	1
1.48	0
1.481	0
1.482	1
1.483	0
1.484	1
1.485	1
1.486	0
1.487	0
1.488	0
1.489	0
1.49	0
1.491	0
1.492	1
1.493	0
1.494	0
1.495	1
1.496	1
1.497	0
1.498	1
1.499	1
1.5	0
1.501	0
1.502	2
1.503	0
1.504	2
1.505	2
1.506	0
1.507	0
1.508	0
1.509	0
1.51	1
1.511	1
1.512	0
1.513	3
1.514	0
1.515	1
1.516	0
1.517	0
1.518	0
1.519	0
1.52	0
1.521	0
1.522	0
1.523	1
1.524	0
1.525	0
1.526	0
1.527	1
1.528	1
1.529	0
1.53	0
1.531	1
1.532	1
1.533	0
1.534	0
1.535	1
1.536	0
1.537	0
1.538	0
1.539	0
1.54	1
1.541	1
1.542	1
1.543	0
1.544	0
1.545	1
1.546	0
1.547	0
1.548	0
1.549	0
1.55	0
1.551	0
1.552	1
1.553	0
1.554	0
1.555	1
1.556	1
1.557	0
1.558	0
1.559	0
1.56	0
1.561	0
1.562	1
1.563	0
1.564	0
1.565	2
1.566	0
1.567	0
1.568	1
1.569	1
1.57	0
1.571	0
1.572	1
1.573	0
1.574	1
1.575	0
1.576	0
1.577	1
1.578	1
1.579	0
1.58	0
1.581	0
1.582	0
1.583	0
1.584	0
1.585	0
1.586	0
1.587	0
1.588	0
1.589	0
1.59	0
1.591	1
1.592	1
1.593	0
1.594	0
1.595	0
1.596	1
1.597	1
1.598	0
1.599	1
1.6	2
1.601	1
1.602	0
1.603	3
1.604	1
1.605	0
1.606	0
1.607	0
1.608	0
1.609	0
1.61	0
1.611	0
1.612	1
1.613	0
1.614	1
1.615	0
1.616	1
1.617	0
1.618	1
1.619	0
1.62	0
1.621	0
1.622	0
1.623	0
1.624	0
1.625	0
1.626	0
1.627	1
1.628	0
1.629	1
1.63	0
1.631	0
1.632	0
1.633	0
1.634	1
1.635	0
1.636	0
1.637	0
1.638	0
1.639	0
1.64	0
1.641	0
1.642	0
1.643	0
1.644	0
1.645	0
1.646	0
1.647	0
1.648	0
1.649	0
1.65	0
1.651	1
1.652	0
1.653	0
1.654	1
1.655	1
1.656	0
1.657	0
1.658	0
1.659	0
1.66	0
1.661	2
1.662	0
1.663	0
1.664	0
1.665	2
1.666	1
1.667	0
1.668	0
1.669	0
1.67	0
1.671	1
1.672	0
1.673	1
1.674	0
1.675	0
1.676	1
1.677	0
1.678	0
1.679	1
1.68	0
1.681	1
1.682	1
1.683	0
1.684	1
1.685	0
1.686	1
1.687	1
1.688	3
1.689	0
1.69	0
1.691	0
1.692	0
1.693	0
1.694	0
1.695	0
1.696	0
1.697	0
1.698	0
1.699	0
1.7	0
1.701	0
1.702	0
1.703	0
1.704	0
1.705	0
1.706	1
1.707	0
1.708	0
1.709	0
1.71	1
1.711	1
1.712	0
1.713	0
1.714	1
1.715	1
1.716	0
1.717	0
1.718	0
1.719	2
1.72	1
1.721	1
1.722	0
1.723	1
1.724	2
1.725	2
1.726	0
1.727	1
1.728	0
1.729	0
1.73	0
1.731	0
1.732	0
1.733	0
1.734	0
1.735	0
1.736	0
1.737	0
1.738	0
1.739	0
1.74	1
1.741	0
1.742	1
1.743	0
1.744	0
1.745	0
1.746	0
1.747	0
1.748	0
1.749	1
1.75	0
1.751	0
1.752	1
1.753	0
1.754	1
1.755	0
1.756	0
1.757	0
1.758	0
1.759	0
1.76	0
1.761	0
1.762	0
1.763	0
1.764	0
1.765	0
1.766	1
1.767	0
1.768	1
1.769	0
1.77	2
1.771	0
1.772	1
1.773	0
1.774	0
1.775	1
1.776	0
1.777	1
1.778	1
1.779	0
1.78	2
1.781	0
1.782	0
1.783	0
1.784	1
1.785	1
1.786	1
1.787	0
1.788	0
1.789	1
1.79	0
1.791	0
1.792	0
1.793	0
1.794	1
1.795	0
1.796	2
1.797	1
1.798	0
1.799	2
1.8	0
1.801	0
1.802	0
1.803	0
1.804	0
1.805	0
1.806	1
1.807	0
1.808	0
1.809	3
1.81	0
1.811	0
1.812	0
1.813	1
1.814	0
1.815	0
1.816	1
1.817	0
1.818	0
1.819	0
1.82	0
1.821	0
1.822	0
1.823	1
1.824	0
1.825	0
1.826	0
1.827	1
1.828	1
1.829	0
1.83	0
1.831	0
1.832	0
1.833	0
1.834	0
1.835	1
1.836	0
1.837	0
1.838	0
1.839	0
1.84	0
1.841	0
1.842	0
1.843	0
1.844	1
1.845	0
1.846	0
1.847	1
1.848	0
1.849	0
1.85	1
1.851	0
1.852	0
1.853	0
1.854	0
1.855	0
1.856	1
1.857	1
1.858	1
1.859	0
1.86	0
1.861	0
1.862	0
1.863	0
1.864	0
1.865	0
1.866	0
1.867	0
1.868	1
1.869	0
1.87	0
1.871	0
1.872	0
1.873	0
1.874	1
1.875	0
1.876	0
1.877	0
1.878	0
1.879	0
1.88	0
1.881	1
1.882	1
1.883	0
1.884	0
1.885	0
1.886	0
1.887	0
1.888	1
1.889	0
1.89	0
1.891	0
1.892	0
1.893	0
1.894	0
1.895	1
1.896	0
1.897	0
1.898	1
1.899	0
1.9	2
1.901	1
1.902	1
1.903	0
1.904	1
1.905	0
1.906	0
1.907	0
1.908	1
1.909	0
1.91	0
1.911	0
1.912	0
1.913	1
1.914	0
1.915	0
1.916	1
1.917	0
1.918	0
1.919	0
1.92	0
1.921	0
1.922	1
1.923	0
1.924	1
1.925	0
1.926	0
1.927	1
1.928	0
1.929	0
1.93	1
1.931	0
1.932	1
1.933	0
1.934	0
1.935	0
1.936	1
1.937	0
1.938	1
1.939	0
1.94	1
1.941	1
1.942	0
1.943	0
1.944	0
1.945	1
1.946	1
1.947	1
1.948	1
1.949	0
1.95	3
1.951	0
1.952	0
1.953	0
1.954	0
1.955	0
1.956	0
1.957	0
1.958	0
1.959	0
1.96	0
1.961	0
1.962	0
1.963	1
1.964	1
1.965	0
1.966	0
1.967	0
1.968	1
1.969	1
1.97	0
1.971	0
1.972	0
1.973	0
1.974	0
1.975	0
1.976	0
1.977	1
1.978	0
1.979	1
1.98	0
1.981	0
1.982	1
1.983	1
1.984	0
1.985	0
1.986	0
1.987	1
1.988	0
1.989	0
1.99	0
1.991	0
1.992	0
1.993	0
1.994	0
1.995	0
1.996	0
1.997	1
1.998	2
1.999	0
2	0
2.001	0
2.002	0
2.003	0
2.004	0
2.005	0
2.006	0
2.007	0
2.008	0
2.009	1
2.01	0
2.011	0
2.012	2
2.013	0
2.014	0
2.015	0
2.016	0
2.017	0
2.018	1
2.019	0
2.02	0
2.021	2
2.022	0
2.023	0
2.024	1
2.025	0
2.026	0
2.027	0
2.028	0
2.029	0
2.03	0
2.031	0
2.032	1
2.033	0
2.034	1
2.035	0
2.036	0
2.037	1
2.038	0
2.039	0
2.04	1
2.041	0
2.042	2
2.043	2
2.044	0
2.045	0
2.046	1
2.047	0
2.048	0
2.049	2
2.05	0
2.051	0
2.052	0
2.053	1
2.054	0
2.055	1
2.056	1
2.057	0
2.058	1
2.059	0
2.06	1
2.061	0
2.062	0
2.063	0
2.064	1
2.065	0
2.066	0
2.067	0
2.068	0
2.069	0
2.07	1
2.071	0
2.072	0
2.073	0
2.074	0
2.075	1
2.076	0
2.077	0
2.078	0
2.079	0
2.08	0
2.081	0
2.082	0
2.083	0
2.084	1
2.085	0
2.086	0
2.087	2
2.088	2
2.089	0
2.09	1
2.091	0
2.092	0
2.093	0
2.094	0
2.095	1
2.096	0
2.097	0
2.098	0
2.099	1
2.1	0
2.101	0
2.102	1
2.103	0
2.104	0
2.105	0
2.106	0
2.107	0
2.108	0
2.109	0
2.11	0
2.111	0
2.112	0
2.113	0
2.114	0
2.115	0
2.116	0
2.117	0
2.118	0
2.119	0
2.12	0
2.121	0
2.122	1
2.123	1
2.124	0
2.125	0
2.126	1
2.127	0
2.128	0
2.129	0
2.13	1
2.131	0
2.132	2
2.133	0
2.134	0
2.135	0
2.136	0
2.137	3
2.138	0
2.139	1
2.14	1
2.141	2
2.142	0
2.143	0
2.144	1
2.145	0
2.146	0
2.147	0
2.148	0
2.149	0
2.15	0
2.151	0
2.152	0
2.153	0
2.154	0
2.155	0
2.156	0
2.157	0
2.158	0
2.159	0
2.16	0
2.161	0
2.162	0
2.163	0
2.164	0
2.165	0
2.166	1
2.167	1
2.168	0
2.169	1
2.17	0
2.171	0
2.172	0
2.173	0
2.174	0
2.175	1
2.176	0
2.177	1
2.178	0
2.179	0
2.18	0
2.181	0
2.182	2
2.183	1
2.184	0
2.185	0
2.186	0
2.187	0
2.188	0
2.189	0
2.19	1
2.191	1
2.192	0
2.193	0
2.194	0
2.195	2
2.196	0
2.197	0
2.198	0
2.199	0
2.2	0
2.201	0
2.202	0
2.203	1
2.204	0
2.205	0
2.206	0
2.207	0
2.208	0
2.209	0
2.21	0
2.211	0
2.212	0
2.213	1
2.214	0
2.215	0
2.216	0
2.217	0
2.218	0
2.219	0
2.22	0
2.221	0
2.222	0
2.223	0
2.224	0
2.225	1
2.226	0
2.227	1
2.228	0
2.229	0
2.23	1
2.231	0
2.232	1
2.233	0
2.234	0
2.235	0
2.236	1
2.237	0
2.238	1
2.239	0
2.24	0
2.241	0
2.242	0
2.243	0
2.244	0
2.245	1
2.246	1
2.247	1
2.248	0
2.249	0
2.25	0
2.251	1
2.252	0
2.253	0
2.254	0
2.255	0
2.256	0
2.257	0
2.258	0
2.259	0
2.26	0
2.261	0
2.262	1
2.263	0
2.264	0
2.265	1
2.266	0
2.267	1
2.268	1
2.269	1
2.27	0
2.271	0
2.272	1
2.273	0
2.274	0
2.275	0
2.276	0
2.277	0
2.278	0
2.279	0
2.28	0
2.281	0
2.282	0
2.283	0
2.284	0
2.285	1
2.286	0
2.287	0
2.288	1
2.289	0
2.29	1
2.291	0
2.292	0
2.293	0
2.294	0
2.295	0
2.296	1
2.297	0
2.298	0
2.299	0
2.3	0
2.301	0
2.302	0
2.303	0
2.304	0
2.305	0
2.306	0
2.307	1
2.308	0
2.309	0
2.31	0
2.311	1
2.312	0
2.313	0
2.314	1
2.315	0
2.316	1
2.317	0
2.318	0
2.319	0
2.32	0
2.321	0
2.322	0
2.323	0
2.324	2
2.325	0
2.326	0
2.327	1
2.328	0
2.329	1
2.33	0
2.331	0
2.332	0
2.333	0
2.334	0
2.335	0
2.336	0
2.337	0
2.338	1
2.339	0
2.34	0
2.341	1
2.342	0
2.343	0
2.344	0
2.345	0
2.346	0
2.347	0
2.348	0
2.349	0
2.35	2
2.351	0
2.352	1
2.353	0
2.354	0
2.355	0
2.356	0
2.357	1
2.358	0
2.359	0
2.36	0
2.361	0
2.362	0
2.363	0
2.364	0
2.365	0
2.366	0
2.367	0
2.368	0
2.369	0
2.37	0
2.371	1
2.372	0
2.373	0
2.374	0
2.375	1
2.376	0
2.377	0
2.378	0
2.379	0
2.38	1
2.381	0
2.382	0
2.383	0
2.384	0
2.385	0
2.386	0
2.387	0
2.388	0
2.389	1
2.39	0
2.391	1
2.392	0
2.393	0
2.394	0
2.395	0
2.396	0
2.397	2
2.398	0
2.399	0
2.4	1
2.401	0
2.402	0
2.403	1
2.404	0
2.405	0
2.406	0
2.407	1
2.408	1
2.409	0
2.41	0
2.411	0
2.412	0
2.413	1
2.414	1
2.415	1
2.416	0
2.417	0
2.418	0
2.419	0
2.42	0
2.421	0
2.422	0
2.423	0
2.424	0
2.425	0
2.426	0
2.427	0
2.428	0
2.429	0
2.43	0
2.431	0
2.432	0
2.433	0
2.434	0
2.435	0
2.436	0
2.437	1
2.438	1
2.439	1
2.44	0
2.441	0
2.442	0
2.443	0
2.444	0
2.445	0
2.446	0
2.447	0
2.448	0
2.449	1
2.45	0
2.451	0
2.452	0
2.453	0
2.454	0
2.455	0
2.456	0
2.457	0
2.458	0
2.459	0
2.46	1
2.461	0
2.462	0
2.463	0
2.464	0
2.465	1
2.466	0
2.467	0
2.468	0
2.469	0
2.47	0
2.471	0
2.472	0
2.473	0
2.474	0
2.475	0
2.476	1
2.477	1
2.478	0
2.479	0
2.48	1
2.481	3
2.482	1
2.483	0
2.484	0
2.485	0
2.486	0
2.487	0
2.488	0
2.489	0
2.49	0
2.491	0
2.492	1
2.493	0
2.494	0
2.495	1
2.496	0
2.497	0
2.498	0
2.499	2
2.5	0
2.501	0
2.502	0
2.503	0
2.504	0
2.505	0
2.506	0
2.507	0
2.508	0
2.509	1
2.51	0
2.511	0
2.512	0
2.513	0
2.514	0
2.515	0
2.516	0
2.517	0
2.518	0
2.519	0
2.52	0
2.521	1
2.522	0
2.523	1
2.524	0
2.525	0
2.526	0
2.527	0
2.528	0
2.529	0
2.53	1
2.531	0
2.532	0
2.533	0
2.534	1
2.535	0
2.536	0
2.537	0
2.538	0
2.539	0
2.54	0
2.541	0
2.542	0
2.543	0
2.544	0
2.545	0
2.546	0
2.547	0
2.548	1
2.549	0
2.55	0
2.551	1
2.552	0
2.553	1
2.554	0
2.555	0
2.556	1
2.557	0
2.558	0
2.559	0
2.56	0
2.561	0
2.562	1
2.563	0
2.564	1
2.565	0
2.566	0
2.567	0
2.568	0
2.569	0
2.57	0
2.571	0
2.572	0
2.573	1
2.574	0
2.575	0
2.576	0
2.577	0
2.578	1
2.579	0
2.58	1
2.581	0
2.582	0
2.583	0
2.584	2
2.585	0
2.586	0
2.587	0
2.588	0
2.589	0
2.59	0
2.591	0
2.592	1
2.593	0
2.594	0
2.595	0
2.596	0
2.597	1
2.598	1
2.599	2
2.6	1
2.601	0
2.602	2
2.603	0
2.604	0
2.605	0
2.606	0
2.607	0
2.608	0
2.609	0
2.61	0
2.611	0
2.612	0
2.613	0
2.614	0
2.615	0
2.616	0
2.617	1
2.618	0
2.619	0
2.62	0
2.621	0
2.622	0
2.623	2
2.624	0
2.625	0
2.626	0
2.627	0
2.628	0
2.629	0
2.63	0
2.631	1
2.632	0
2.633	0
2.634	0
2.635	0
2.636	0
2.637	0
2.638	2
2.639	0
2.64	1
2.641	0
2.642	0
2.643	0
2.644	0
2.645	0
2.646	0
2.647	0
2.648	0
2.649	0
2.65	0
2.651	2
2.652	0
2.653	0
2.654	0
2.655	1
2.656	1
2.657	1
2.658	0
2.659	0
2.66	0
2.661	0
2.662	0
2.663	0
2.664	0
2.665	0
2.666	0
2.667	0
2.668	0
2.669	0
2.67	1
2.671	0
2.672	2
2.673	0
2.674	1
2.675	0
2.676	0
2.677	0
2.678	0
2.679	0
2.68	0
2.681	0
2.682	0
2.683	1
2.684	0
2.685	1
2.686	0
2.687	1
2.688	0
2.689	0
2.69	0
2.691	0
2.692	0
2.693	0
2.694	0
2.695	0
2.696	0
2.697	0
2.698	0
2.699	0
2.7	0
2.701	0
2.702	0
2.703	1
2.704	0
2.705	0
2.706	0
2.707	0
2.708	0
2.709	0
2.71	1
2.711	0
2.712	0
2.713	0
2.714	0
2.715	1
2.716	0
2.717	0
2.718	0
2.719	0
2.72	0
2.721	0
2.722	1
2.723	0
2.724	0
2.725	1
2.726	0
2.727	0
2.728	0
2.729	0
2.73	0
2.731	0
2.732	0
2.733	1
2.734	0
2.735	0
2.736	0
2.737	0
2.738	0
2.739	0
2.74	0
2.741	0
2.742	0
2.743	0
2.744	1
2.745	0
2.746	0
2.747	0
2.748	1
2.749	0
2.75	1
2.751	1
2.752	0
2.753	0
2.754	0
2.755	0
2.756	0
2.757	1
2.758	0
2.759	0
2.76	1
2.761	0
2.762	0
2.763	0
2.764	2
2.765	0
2.766	0
2.767	0
2.768	0
2.769	0
2.77	0
2.771	0
2.772	0
2.773	0
2.774	0
2.775	0
2.776	0
2.777	0
2.778	0
2.779	0
2.78	0
2.781	0
2.782	0
2.783	0
2.784	1
2.785	0
2.786	0
2.787	0
2.788	0
2.789	0
2.79	0
2.791	0
2.792	1
2.793	0
2.794	0
2.795	0
2.796	0
2.797	1
2.798	0
2.799	0
2.8	0
2.801	0
2.802	0
2.803	0
2.804	0
2.805	0
2.806	1
2.807	0
2.808	0
2.809	1
2.81	1
2.811	0
2.812	0
2.813	0
2.814	0
2.815	0
2.816	0
2.817	0
2.818	0
2.819	1
2.82	0
2.821	0
2.822	0
2.823	0
2.824	0
2.825	0
2.826	0
2.827	0
2.828	0
2.829	0
2.83	0
2.831	0
2.832	0
2.833	0
2.834	0
2.835	0
2.836	0
2.837	0
2.838	0
2.839	0
2.84	0
2.841	0
2.842	1
2.843	0
2.844	0
2.845	1
2.846	0
2.847	1
2.848	1
2.849	0
2.85	2
2.851	0
2.852	0
2.853	0
2.854	0
2.855	0
2.856	2
2.857	0
2.858	0
2.859	0
2.86	0
2.861	0
2.862	0
2.863	0
2.864	0
2.865	0
2.866	0
2.867	0
2.868	0
2.869	0
2.87	0
2.871	0
2.872	0
2.873	0
2.874	0
2.875	0
2.876	0
2.877	0
2.878	0
2.879	1
2.88	0
2.881	1
2.882	1
2.883	0
2.884	0
2.885	0
2.886	1
2.887	0
2.888	0
2.889	0
2.89	0
2.891	0
2.892	0
2.893	1
2.894	0
2.895	0
2.896	0
2.897	0
2.898	0
2.899	0
2.9	1
2.901	0
2.902	1
2.903	0
2.904	1
2.905	0
2.906	0
2.907	0
2.908	1
2.909	0
2.91	0
2.911	0
2.912	1
2.913	0
2.914	1
2.915	0
2.916	0
2.917	0
2.918	0
2.919	1
2.92	0
2.921	0
2.922	1
2.923	0
2.924	0
2.925	1
2.926	0
2.927	0
2.928	0
2.929	1
2.93	0
2.931	0
2.932	0
2.933	1
2.934	1
2.935	0
2.936	0
2.937	0
2.938	0
2.939	0
2.94	2
2.941	0
2.942	1
2.943	1
2.944	1
2.945	0
2.946	0
2.947	0
2.948	0
2.949	0
2.95	0
2.951	0
2.952	0
2.953	0
2.954	0
2.955	0
2.956	0
2.957	0
2.958	0
2.959	0
2.96	1
2.961	0
2.962	0
2.963	0
2.964	0
2.965	0
2.966	0
2.967	0
2.968	0
2.969	0
2.97	0
2.971	0
2.972	0
2.973	0
2.974	0
2.975	0
2.976	0
2.977	0
2.978	0
2.979	1
2.98	0
2.981	0
2.982	0
2.983	1
2.984	0
2.985	0
2.986	0
2.987	0
2.988	0
2.989	1
2.99	1
2.991	0
2.992	0
2.993	1
2.994	0
2.995	1
2.996	0
2.997	0
2.998	0
2.999	0
3	0
3.001	0
3.002	0
3.003	0
3.004	0
3.005	0
3.006	1
3.007	0
3.008	0
3.009	0
3.01	0
3.011	0
3.012	0
3.013	0
3.014	0
3.015	0
3.016	0
3.017	0
3.018	0
3.019	0
3.02	0
3.021	0
3.022	2
3.023	0
3.024	0
3.025	0
3.026	0
3.027	0
3.028	0
3.029	0
3.03	1
3.031	0
3.032	0
3.033	1
3.034	1
3.035	0
3.036	0
3.037	0
3.038	0
3.039	0
3.04	0
3.041	0
3.042	0
3.043	0
3.044	2
3.045	0
3.046	0
3.047	0
3.048	0
3.049	0
3.05	0
3.051	0
3.052	0
3.053	0
3.054	0
3.055	1
3.056	0
3.057	1
3.058	0
3.059	0
3.06	0
3.061	0
3.062	0
3.063	0
3.064	0
3.065	0
3.066	0
3.067	0
3.068	0
3.069	0
3.07	0
3.071	0
3.072	0
3.073	0
3.074	0
3.075	0
3.076	0
3.077	0
3.078	0
3.079	0
3.08	0
3.081	0
3.082	0
3.083	0
3.084	0
3.085	0
3.086	0
3.087	0
3.088	0
3.089	0
3.09	0
3.091	0
3.092	0
3.093	0
3.094	0
3.095	0
3.096	0
3.097	0
3.098	1
3.099	0
3.1	0
3.101	0
3.102	0
3.103	0
3.104	0
3.105	0
3.106	0
3.107	0
3.108	0
3.109	0
3.11	0
3.111	0
3.112	0
3.113	0
3.114	1
3.115	0
3.116	0
3.117	1
3.118	0
3.119	0
3.12	0
3.121	0
3.122	0
3.123	0
3.124	0
3.125	0
3.126	0
3.127	0
3.128	0
3.129	0
3.13	0
3.131	0
3.132	0
3.133	0
3.134	0
3.135	0
3.136	0
3.137	0
3.138	0
3.139	0
3.14	0
3.141	0
3.142	0
3.143	0
3.144	0
3.145	0
3.146	0
3.147	0
3.148	0
3.149	0
3.15	0
3.151	0
3.152	0
3.153	0
3.154	1
3.155	0
3.156	0
3.157	1
3.158	0
3.159	0
3.16	0
3.161	0
3.162	0
3.163	1
3.164	0
3.165	0
3.166	0
3.167	0
3.168	0
3.169	0
3.17	0
3.171	0
3.172	0
3.173	0
3.174	0
3.175	0
3.176	0
3.177	0
3.178	0
3.179	0
3.18	0
3.181	0
3.182	0
3.183	1
3.184	0
3.185	0
3.186	0
3.187	0
3.188	0
3.189	0
3.19	0
3.191	1
3.192	0
3.193	0
3.194	0
3.195	0
3.196	0
3.197	0
3.198	0
3.199	0
3.2	0
3.201	0
3.202	1
3.203	0
3.204	1
3.205	0
3.206	0
3.207	0
3.208	0
3.209	0
3.21	0
3.211	0
3.212	0
3.213	1
3.214	0
3.215	0
3.216	0
3.217	0
3.218	0
3.219	0
3.22	0
3.221	0
3.222	2
3.223	0
3.224	0
3.225	1
3.226	1
3.227	0
3.228	0
3.229	0
3.23	0
3.231	0
3.232	0
3.233	0
3.234	0
3.235	0
3.236	1
3.237	0
3.238	0
3.239	0
3.24	0
3.241	1
3.242	0
3.243	0
3.244	0
3.245	1
3.246	0
3.247	0
3.248	0
3.249	0
3.25	0
3.251	0
3.252	0
3.253	0
3.254	0
3.255	0
3.256	0
3.257	1
3.258	0
3.259	0
3.26	0
3.261	0
3.262	0
3.263	0
3.264	0
3.265	0
3.266	0
3.267	1
3.268	0
3.269	1
3.27	0
3.271	0
3.272	0
3.273	0
3.274	0
3.275	0
3.276	0
3.277	0
3.278	0
3.279	0
3.28	0
3.281	0
3.282	0
3.283	1
3.284	1
3.285	0
3.286	0
3.287	0
3.288	0
3.289	0
3.29	0
3.291	0
3.292	0
3.293	0
3.294	1
3.295	0
3.296	0
3.297	0
3.298	0
3.299	0
3.3	0
3.301	0
3.302	0
3.303	0
3.304	0
3.305	1
3.306	1
3.307	0
3.308	0
3.309	0
3.31	0
3.311	0
3.312	1
3.313	0
3.314	0
3.315	0
3.316	0
3.317	0
3.318	0
3.319	1
3.32	1
3.321	1
3.322	0
3.323	0
3.324	0
3.325	0
3.326	1
3.327	0
3.328	0
3.329	0
3.33	0
3.331	0
3.332	0
3.333	0
3.334	0
3.335	0
3.336	0
3.337	1
3.338	0
3.339	1
3.34	1
3.341	0
3.342	0
3.343	0
3.344	0
3.345	0
3.346	0
3.347	0
3.348	0
3.349	0
3.35	0
3.351	0
3.352	0
3.353	1
3.354	0
3.355	0
3.356	0
3.357	0
3.358	0
3.359	2
3.36	0
3.361	0
3.362	0
3.363	0
3.364	0
3.365	0
3.366	1
3.367	0
3.368	0
3.369	0
3.37	0
3.371	0
3.372	0
3.373	0
3.374	0
3.375	0
3.376	0
3.377	0
3.378	0
3.379	0
3.38	0
3.381	0
3.382	0
3.383	0
3.384	0
3.385	0
3.386	0
3.387	0
3.388	1
3.389	1
3.39	0
3.391	0
3.392	1
3.393	1
3.394	0
3.395	0
3.396	0
3.397	0
3.398	1
3.399	0
3.4	0
3.401	0
3.402	0
3.403	0
3.404	0
3.405	0
3.406	0
3.407	0
3.408	0
3.409	0
3.41	0
3.411	0
3.412	0
3.413	1
3.414	0
3.415	0
3.416	0
3.417	0
3.418	0
3.419	0
3.42	0
3.421	0
3.422	0
3.423	0
3.424	0
3.425	0
3.426	0
3.427	0
3.428	0
3.429	0
3.43	0
3.431	0
3.432	0
3.433	0
3.434	0
3.435	0
3.436	0
3.437	0
3.438	0
3.439	0
3.44	0
3.441	0
3.442	0
3.443	0
3.444	0
3.445	0
3.446	0
3.447	0
3.448	0
3.449	0
3.45	0
3.451	0
3.452	0
3.453	0
3.454	0
3.455	0
3.456	0
3.457	0
3.458	0
3.459	0
3.46	0
3.461	1
3.462	0
3.463	0
3.464	0
3.465	0
3.466	0
3.467	0
3.468	0
3.469	0
3.47	0
3.471	0
3.472	0
3.473	0
3.474	0
3.475	0
3.476	0
3.477	0
3.478	0
3.479	0
3.48	0
3.481	0
3.482	0
3.483	1
3.484	0
3.485	0
3.486	0
3.487	0
3.488	0
3.489	0
3.49	0
3.491	0
3.492	2
3.493	0
3.494	0
3.495	0
3.496	0
3.497	0
3.498	0
3.499	0
3.5	0
3.501	0
3.502	1
3.503	0
3.504	0
3.505	0
3.506	0
3.507	0
3.508	0
3.509	0
3.51	0
3.511	1
3.512	0
3.513	0
3.514	1
3.515	0
3.516	0
3.517	0
3.518	0
3.519	0
3.52	0
3.521	0
3.522	0
3.523	0
3.524	0
3.525	0
3.526	0
3.527	0
3.528	0
3.529	0
3.53	0
3.531	0
3.532	0
3.533	0
3.534	0
3.535	0
3.536	0
3.537	0
3.538	0
3.539	0
3.54	0
3.541	0
3.542	0
3.543	0
3.544	0
3.545	0
3.546	0
3.547	1
3.548	0
3.549	0
3.55	0
3.551	0
3.552	0
3.553	1
3.554	0
3.555	0
3.556	0
3.557	0
3.558	1
3.559	0
3.56	0
3.561	0
3.562	0
3.563	0
3.564	0
3.565	0
3.566	1
3.567	0
3.568	0
3.569	0
3.57	0
3.571	0
3.572	0
3.573	0
3.574	1
3.575	1
3.576	1
3.577	0
3.578	0
3.579	0
3.58	0
3.581	0
3.582	0
3.583	0
3.584	0
3.585	0
3.586	0
3.587	0
3.588	0
3.589	0
3.59	0
3.591	0
3.592	0
3.593	0
3.594	0
3.595	0
3.596	0
3.597	1
3.598	0
3.599	0
3.6	0
3.601	0
3.602	0
3.603	0
3.604	0
3.605	1
3.606	0
3.607	0
3.608	0
3.609	1
3.61	0
3.611	0
3.612	0
3.613	0
3.614	0
3.615	0
3.616	0
3.617	2
3.618	0
3.619	0
3.62	0
3.621	0
3.622	0
3.623	0
3.624	1
3.625	0
3.626	0
3.627	0
3.628	0
3.629	0
3.63	1
3.631	0
3.632	0
3.633	0
3.634	0
3.635	0
3.636	0
3.637	0
3.638	0
3.639	0
3.64	0
3.641	0
3.642	0
3.643	0
3.644	1
3.645	0
3.646	0
3.647	0
3.648	0
3.649	0
3.65	0
3.651	0
3.652	0
3.653	0
3.654	0
3.655	0
3.656	0
3.657	0
3.658	0
3.659	0
3.66	0
3.661	0
3.662	0
3.663	0
3.664	0
3.665	0
3.666	0
3.667	0
3.668	0
3.669	0
3.67	0
3.671	0
3.672	0
3.673	1
3.674	0
3.675	0
3.676	0
3.677	0
3.678	0
3.679	0
3.68	0
3.681	0
3.682	0
3.683	0
3.684	0
3.685	0
3.686	0
3.687	0
3.688	0
3.689	0
3.69	0
3.691	0
3.692	0
3.693	0
3.694	0
3.695	0
3.696	1
3.697	0
3.698	0
3.699	0
3.7	1
3.701	0
3.702	0
3.703	0
3.704	0
3.705	0
3.706	0
3.707	0
3.708	0
3.709	0
3.71	1
3.711	0
3.712	0
3.713	1
3.714	0
3.715	0
3.716	0
3.717	0
3.718	0
3.719	1
3.72	0
3.721	0
3.722	0
3.723	0
3.724	0
3.725	0
3.726	0
3.727	0
3.728	0
3.729	0
3.73	0
3.731	0
3.732	0
3.733	0
3.734	1
3.735	0
3.736	0
3.737	0
3.738	0
3.739	0
3.74	0
3.741	0
3.742	0
3.743	0
3.744	0
3.745	0
3.746	0
3.747	0
3.748	1
3.749	0
3.75	0
3.751	0
3.752	0
3.753	1
3.754	0
3.755	0
3.756	0
3.757	1
3.758	0
3.759	0
3.76	0
3.761	0
3.762	0
3.763	0
3.764	0
3.765	0
3.766	0
3.767	0
3.768	0
3.769	0
3.77	0
3.771	0
3.772	0
3.773	0
3.774	0
3.775	0
3.776	0
3.777	0
3.778	0
3.779	0
3.78	0
3.781	0
3.782	0
3.783	0
3.784	0
3.785	0
3.786	0
3.787	0
3.788	0
3.789	0
3.79	1
3.791	0
3.792	0
3.793	0
3.794	0
3.795	0
3.796	0
3.797	1
3.798	0
3.799	0
3.8	0
3.801	0
3.802	0
3.803	0
3.804	0
3.805	0
3.806	0
3.807	0
3.808	0
3.809	0
3.81	0
3.811	0
3.812	0
3.813	0
3.814	0
3.815	0
3.816	1
3.817	0
3.818	0
3.819	0
3.82	0
3.821	0
3.822	0
3.823	0
3.824	0
3.825	0
3.826	0
3.827	0
3.828	0
3.829	0
3.83	0
3.831	0
3.832	0
3.833	0
3.834	0
3.835	0
3.836	0
3.837	0
3.838	1
3.839	2
3.84	0
3.841	0
3.842	0
3.843	0
3.844	0
3.845	0
3.846	0
3.847	0
3.848	0
3.849	0
3.85	0
3.851	0
3.852	0
3.853	0
3.854	0
3.855	0
3.856	0
3.857	0
3.858	0
3.859	0
3.86	0
3.861	0
3.862	0
3.863	0
3.864	0
3.865	0
3.866	0
3.867	0
3.868	1
3.869	0
3.87	0
3.871	0
3.872	1
3.873	0
3.874	0
3.875	0
3.876	0
3.877	0
3.878	0
3.879	0
3.88	1
3.881	0
3.882	0
3.883	0
3.884	0
3.885	0
3.886	0
3.887	0
3.888	0
3.889	0
3.89	1
3.891	0
3.892	0
3.893	0
3.894	0
3.895	0
3.896	0
3.897	0
3.898	0
3.899	0
3.9	0
3.901	0
3.902	0
3.903	2
3.904	0
3.905	0
3.906	0
3.907	0
3.908	0
3.909	0
3.91	0
3.911	0
3.912	1
3.913	0
3.914	0
3.915	1
3.916	0
3.917	0
3.918	0
3.919	0
3.92	0
3.921	0
3.922	0
3.923	0
3.924	0
3.925	0
3.926	0
3.927	0
3.928	0
3.929	0
3.93	0
3.931	0
3.932	0
3.933	0
3.934	0
3.935	0
3.936	0
3.937	0
3.938	0
3.939	0
3.94	1
3.941	0
3.942	0
3.943	0
3.944	1
3.945	0
3.946	0
3.947	0
3.948	0
3.949	0
3.95	0
3.951	0
3.952	0
3.953	0
3.954	0
3.955	0
3.956	0
3.957	1
3.958	0
3.959	0
3.96	0
3.961	0
3.962	0
3.963	0
3.964	0
3.965	0
3.966	0
3.967	0
3.968	0
3.969	0
3.97	0
3.971	0
3.972	0
3.973	1
3.974	0
3.975	0
3.976	0
3.977	0
3.978	0
3.979	0
3.98	0
3.981	0
3.982	0
3.983	0
3.984	0
3.985	0
3.986	0
3.987	0
3.988	1
3.989	0
3.99	0
3.991	0
3.992	0
3.993	0
3.994	0
3.995	0
3.996	0
3.997	0
3.998	0
3.999	0
4	0
4.001	0
4.002	0
4.003	0
4.004	0
4.005	0
4.006	0
4.007	0
4.008	0
4.009	0
4.01	0
4.011	0
4.012	1
4.013	0
4.014	0
4.015	0
4.016	0
4.017	0
4.018	0
4.019	0
4.02	1
4.021	0
4.022	0
4.023	0
4.024	0
4.025	0
4.026	0
4.027	0
4.028	0
4.029	0
4.03	0
4.031	0
4.032	0
4.033	0
4.034	0
4.035	0
4.036	0
4.037	0
4.038	0
4.039	0
4.04	0
4.041	0
4.042	0
4.043	0
4.044	0
4.045	1
4.046	0
4.047	0
4.048	0
4.049	0
4.05	0
4.051	0
4.052	0
4.053	0
4.054	0
4.055	0
4.056	0
4.057	0
4.058	0
4.059	1
4.06	0
4.061	0
4.062	0
4.063	0
4.064	0
4.065	0
4.066	0
4.067	0
4.068	0
4.069	0
4.07	1
4.071	1
4.072	0
4.073	0
4.074	1
4.075	0
4.076	0
4.077	0
4.078	1
4.079	0
4.08	0
4.081	0
4.082	0
4.083	0
4.084	1
4.085	0
4.086	1
4.087	0
4.088	0
4.089	0
4.09	0
4.091	0
4.092	0
4.093	0
4.094	0
4.095	0
4.096	0
4.097	0
4.098	0
4.099	0
4.1	1
4.101	0
4.102	0
4.103	0
4.104	0
4.105	0
4.106	0
4.107	0
4.108	0
4.109	0
4.11	0
4.111	0
4.112	0
4.113	0
4.114	0
4.115	0
4.116	0
4.117	0
4.118	0
4.119	0
4.12	0
4.121	0
4.122	0
4.123	0
4.124	0
4.125	0
4.126	0
4.127	0
4.128	0
4.129	0
4.13	1
4.131	0
4.132	0
4.133	0
4.134	0
4.135	0
4.136	0
4.137	0
4.138	1
4.139	0
4.14	0
4.141	0
4.142	0
4.143	0
4.144	0
4.145	1
4.146	0
4.147	1
4.148	0
4.149	0
4.15	0
4.151	0
4.152	0
4.153	0
4.154	0
4.155	0
4.156	0
4.157	0
4.158	0
4.159	0
4.16	0
4.161	0
4.162	0
4.163	0
4.164	0
4.165	0
4.166	0
4.167	0
4.168	0
4.169	0
4.17	1
4.171	0
4.172	0
4.173	0
4.174	0
4.175	0
4.176	0
4.177	1
4.178	1
4.179	0
4.18	0
4.181	0
4.182	0
4.183	0
4.184	0
4.185	0
4.186	0
4.187	0
4.188	0
4.189	0
4.19	0
4.191	0
4.192	0
4.193	0
4.194	0
4.195	1
4.196	0
4.197	0
4.198	0
4.199	0
4.2	0
4.201	0
4.202	0
4.203	0
4.204	0
4.205	0
4.206	0
4.207	0
4.208	0
4.209	0
4.21	0
4.211	0
4.212	1
4.213	0
4.214	0
4.215	0
4.216	1
4.217	0
4.218	1
4.219	0
4.22	0
4.221	0
4.222	0
4.223	0
4.224	1
4.225	0
4.226	0
4.227	0
4.228	0
4.229	0
4.23	0
4.231	0
4.232	0
4.233	0
4.234	0
4.235	0
4.236	1
4.237	0
4.238	0
4.239	0
4.24	0
4.241	0
4.242	0
4.243	0
4.244	0
4.245	0
4.246	0
4.247	0
4.248	0
4.249	0
4.25	0
4.251	0
4.252	0
4.253	0
4.254	0
4.255	0
4.256	0
4.257	0
4.258	0
4.259	0
4.26	0
4.261	0
4.262	0
4.263	0
4.264	0
4.265	0
4.266	0
4.267	0
4.268	0
4.269	0
4.27	0
4.271	0
4.272	0
4.273	0
4.274	0
4.275	0
4.276	0
4.277	0
4.278	0
4.279	0
4.28	0
4.281	0
4.282	0
4.283	1
4.284	0
4.285	0
4.286	0
4.287	0
4.288	0
4.289	0
4.29	0
4.291	0
4.292	0
4.293	0
4.294	0
4.295	0
4.296	0
4.297	0
4.298	0
4.299	0
4.3	0
4.301	0
4.302	0
4.303	0
4.304	0
4.305	1
4.306	0
4.307	0
4.308	0
4.309	0
4.31	0
4.311	0
4.312	0
4.313	0
4.314	0
4.315	0
4.316	0
4.317	0
4.318	0
4.319	0
4.32	0
4.321	0
4.322	0
4.323	0
4.324	0
4.325	0
4.326	0
4.327	0
4.328	0
4.329	0
4.33	0
4.331	0
4.332	0
4.333	0
4.334	0
4.335	0
4.336	0
4.337	0
4.338	0
4.339	0
4.34	0
4.341	0
4.342	0
4.343	0
4.344	0
4.345	0
4.346	0
4.347	0
4.348	0
4.349	0
4.35	0
4.351	0
4.352	1
4.353	0
4.354	0
4.355	0
4.356	0
4.357	0
4.358	0
4.359	0
4.36	0
4.361	0
4.362	0
4.363	0
4.364	0
4.365	0
4.366	0
4.367	0
4.368	0
4.369	0
4.37	0
4.371	0
4.372	0
4.373	0
4.374	1
4.375	0
4.376	0
4.377	0
4.378	0
4.379	0
4.38	0
4.381	0
4.382	0
4.383	0
4.384	0
4.385	0
4.386	0
4.387	0
4.388	0
4.389	0
4.39	0
4.391	0
4.392	1
4.393	0
4.394	0
4.395	0
4.396	0
4.397	0
4.398	0
4.399	0
4.4	0
4.401	1
4.402	0
4.403	0
4.404	0
4.405	0
4.406	0
4.407	0
4.408	0
4.409	0
4.41	0
4.411	0
4.412	0
4.413	0
4.414	0
4.415	0
4.416	0
4.417	0
4.418	1
4.419	0
4.42	0
4.421	0
4.422	0
4.423	0
4.424	0
4.425	0
4.426	0
4.427	0
4.428	0
4.429	0
4.43	0
4.431	0
4.432	0
4.433	0
4.434	1
4.435	0
4.436	0
4.437	0
4.438	0
4.439	0
4.44	0
4.441	0
4.442	0
4.443	0
4.444	0
4.445	0
4.446	0
4.447	0
4.448	0
4.449	0
4.45	1
4.451	0
4.452	0
4.453	0
4.454	0
4.455	0
4.456	0
4.457	0
4.458	0
4.459	0
4.46	0
4.461	0
4.462	0
4.463	0
4.464	0
4.465	1
4.466	0
4.467	0
4.468	0
4.469	1
4.47	1
4.471	1
4.472	0
4.473	0
4.474	0
4.475	0
4.476	0
4.477	0
4.478	1
4.479	0
4.48	0
4.481	0
4.482	0
4.483	0
4.484	0
4.485	0
4.486	0
4.487	0
4.488	0
4.489	0
4.49	0
4.491	0
4.492	0
4.493	1
4.494	1
4.495	0
4.496	0
4.497	0
4.498	0
4.499	0
4.5	0
4.501	0
4.502	0
4.503	0
4.504	0
4.505	0
4.506	0
4.507	0
4.508	0
4.509	0
4.51	0
4.511	0
4.512	0
4.513	0
4.514	0
4.515	0
4.516	0
4.517	0
4.518	0
4.519	0
4.52	0
4.521	0
4.522	0
4.523	0
4.524	1
4.525	0
4.526	0
4.527	1
4.528	1
4.529	0
4.53	0
4.531	1
4.532	0
4.533	0
4.534	0
4.535	0
4.536	0
4.537	0
4.538	0
4.539	0
4.54	0
4.541	0
4.542	0
4.543	0
4.544	0
4.545	0
4.546	0
4.547	0
4.548	0
4.549	0
4.55	0
4.551	0
4.552	1
4.553	1
4.554	0
4.555	0
4.556	0
4.557	0
4.558	0
4.559	0
4.56	0
4.561	0
4.562	0
4.563	0
4.564	0
4.565	0
4.566	0
4.567	0
4.568	0
4.569	0
4.57	1
4.571	0
4.572	0
4.573	0
4.574	0
4.575	0
4.576	0
4.577	0
4.578	0
4.579	0
4.58	0
4.581	0
4.582	0
4.583	1
4.584	0
4.585	0
4.586	0
4.587	0
4.588	0
4.589	0
4.59	0
4.591	0
4.592	0
4.593	1
4.594	0
4.595	1
4.596	0
4.597	0
4.598	0
4.599	0
4.6	0
4.601	0
4.602	0
4.603	1
4.604	0
4.605	0
4.606	1
4.607	0
4.608	0
4.609	0
4.61	0
4.611	0
4.612	0
4.613	0
4.614	0
4.615	0
4.616	0
4.617	0
4.618	0
4.619	0
4.62	0
4.621	2
4.622	0
4.623	0
4.624	0
4.625	0
4.626	0
4.627	0
4.628	0
4.629	0
4.63	0
4.631	0
4.632	0
4.633	0
4.634	0
4.635	0
4.636	0
4.637	0
4.638	0
4.639	0
4.64	0
4.641	1
4.642	1
4.643	0
4.644	0
4.645	0
4.646	0
4.647	0
4.648	0
4.649	0
4.65	0
4.651	1
4.652	0
4.653	0
4.654	0
4.655	0
4.656	0
4.657	0
4.658	0
4.659	0
4.66	0
4.661	0
4.662	0
4.663	0
4.664	1
4.665	0
4.666	0
4.667	0
4.668	0
4.669	0
4.67	0
4.671	0
4.672	0
4.673	0
4.674	0
4.675	0
4.676	0
4.677	0
4.678	0
4.679	0
4.68	1
4.681	0
4.682	0
4.683	0
4.684	1
4.685	1
4.686	0
4.687	0
4.688	0
4.689	0
4.69	0
4.691	0
4.692	0
4.693	0
4.694	0
4.695	0
4.696	0
4.697	0
4.698	0
4.699	0
4.7	0
4.701	0
4.702	0
4.703	0
4.704	0
4.705	0
4.706	0
4.707	0
4.708	0
4.709	0
4.71	0
4.711	0
4.712	0
4.713	0
4.714	0
4.715	0
4.716	0
4.717	0
4.718	0
4.719	0
4.72	0
4.721	0
4.722	0
4.723	0
4.724	0
4.725	0
4.726	0
4.727	0
4.728	0
4.729	0
4.73	0
4.731	0
4.732	0
4.733	0
4.734	0
4.735	1
4.736	0
4.737	0
4.738	1
4.739	0
4.74	0
4.741	0
4.742	0
4.743	0
4.744	0
4.745	0
4.746	0
4.747	0
4.748	0
4.749	0
4.75	0
4.751	0
4.752	0
4.753	1
4.754	1
4.755	0
4.756	0
4.757	0
4.758	0
4.759	0
4.76	0
4.761	0
4.762	0
4.763	0
4.764	0
4.765	0
4.766	0
4.767	0
4.768	0
4.769	0
4.77	0
4.771	0
4.772	0
4.773	0
4.774	0
4.775	0
4.776	0
4.777	0
4.778	0
4.779	0
4.78	0
4.781	0
4.782	0
4.783	0
4.784	0
4.785	0
4.786	0
4.787	0
4.788	0
4.789	0
4.79	0
4.791	0
4.792	0
4.793	0
4.794	0
4.795	0
4.796	0
4.797	0
4.798	0
4.799	0
4.8	0
4.801	0
4.802	0
4.803	1
4.804	0
4.805	0
4.806	0
4.807	0
4.808	0
4.809	1
4.81	0
4.811	0
4.812	0
4.813	0
4.814	0
4.815	0
4.816	0
4.817	0
4.818	0
4.819	0
4.82	1
4.821	0
4.822	0
4.823	0
4.824	0
4.825	0
4.826	0
4.827	0
4.828	0
4.829	0
4.83	0
4.831	0
4.832	0
4.833	0
4.834	0
4.835	0
4.836	0
4.837	1
4.838	0
4.839	0
4.84	0
4.841	0
4.842	0
4.843	0
4.844	0
4.845	0
4.846	1
4.847	0
4.848	0
4.849	0
4.85	0
4.851	0
4.852	1
4.853	0
4.854	0
4.855	0
4.856	1
4.857	0
4.858	0
4.859	0
4.86	0
4.861	0
4.862	0
4.863	0
4.864	0
4.865	0
4.866	0
4.867	0
4.868	0
4.869	0
4.87	0
4.871	0
4.872	0
4.873	0
4.874	0
4.875	0
4.876	0
4.877	0
4.878	0
4.879	0
4.88	0
4.881	0
4.882	0
4.883	0
4.884	0
4.885	0
4.886	0
4.887	0
4.888	0
4.889	0
4.89	0
4.891	0
4.892	0
4.893	0
4.894	0
4.895	0
4.896	0
4.897	0
4.898	0
4.899	0
4.9	0
4.901	0
4.902	0
4.903	0
4.904	0
4.905	0
4.906	0
4.907	0
4.908	0
4.909	0
4.91	0
4.911	0
4.912	0
4.913	0
4.914	1
4.915	0
4.916	0
4.917	0
4.918	0
4.919	0
4.92	0
4.921	0
4.922	0
4.923	0
4.924	0
4.925	0
4.926	0
4.927	1
4.928	0
4.929	0
4.93	0
4.931	0
4.932	0
4.933	0
4.934	0
4.935	1
4.936	0
4.937	0
4.938	0
4.939	0
4.94	0
4.941	0
4.942	0
4.943	0
4.944	0
4.945	0
4.946	0
4.947	0
4.948	0
4.949	0
4.95	0
4.951	0
4.952	0
4.953	0
4.954	0
4.955	0
4.956	0
4.957	0
4.958	0
4.959	0
4.96	0
4.961	0
4.962	0
4.963	0
4.964	0
4.965	0
4.966	0
4.967	0
4.968	0
4.969	0
4.97	0
4.971	0
4.972	0
4.973	0
4.974	0
4.975	0
4.976	0
4.977	0
4.978	0
4.979	0
4.98	0
4.981	0
4.982	0
4.983	0
4.984	0
4.985	0
4.986	0
4.987	0
4.988	0
4.989	0
4.99	0
4.991	0
4.992	0
4.993	0
4.994	0
4.995	0
4.996	0
4.997	0
4.998	0
4.999	0
5	0
5.001	0
5.002	0
5.003	0
5.004	0
5.005	0
5.006	0
5.007	0
5.008	0
5.009	0
5.01	0
5.011	0
5.012	0
5.013	0
5.014	1
5.015	0
5.016	0
5.017	0
5.018	0
5.019	0
5.02	0
5.021	0
5.022	0
5.023	1
5.024	0
5.025	0
5.026	0
5.027	0
5.028	0
5.029	0
5.03	0
5.031	0
5.032	0
5.033	0
5.034	0
5.035	0
5.036	0
5.037	0
5.038	0
5.039	0
5.04	0
5.041	0
5.042	0
5.043	0
5.044	0
5.045	0
5.046	0
5.047	0
5.048	0
5.049	0
5.05	0
5.051	0
5.052	0
5.053	0
5.054	0
5.055	0
5.056	1
5.057	0
5.058	0
5.059	0
5.06	0
5.061	1
5.062	1
5.063	0
5.064	0
5.065	0
5.066	0
5.067	0
5.068	0
5.069	0
5.07	0
5.071	0
5.072	0
5.073	0
5.074	0
5.075	0
5.076	0
5.077	0
5.078	0
5.079	0
5.08	0
5.081	0
5.082	0
5.083	0
5.084	0
5.085	0
5.086	0
5.087	0
5.088	0
5.089	0
5.09	0
5.091	0
5.092	0
5.093	0
5.094	0
5.095	0
5.096	0
5.097	0
5.098	0
5.099	0
5.1	0
5.101	0
5.102	0
5.103	0
5.104	1
5.105	0
5.106	0
5.107	0
5.108	0
5.109	0
5.11	0
5.111	1
5.112	0
5.113	0
5.114	0
5.115	0
5.116	0
5.117	0
5.118	0
5.119	0
5.12	1
5.121	0
5.122	0
5.123	0
5.124	0
5.125	0
5.126	0
5.127	0
5.128	1
5.129	0
5.13	0
5.131	0
5.132	0
5.133	0
5.134	0
5.135	0
5.136	0
5.137	0
5.138	0
5.139	0
5.14	0
5.141	0
5.142	0
5.143	0
5.144	1
5.145	0
5.146	0
5.147	0
5.148	0
5.149	0
5.15	0
5.151	0
5.152	0
5.153	0
5.154	0
5.155	0
5.156	0
5.157	0
5.158	0
5.159	0
5.16	0
5.161	0
5.162	0
5.163	0
5.164	0
5.165	0
5.166	0
5.167	0
5.168	0
5.169	0
5.17	0
5.171	0
5.172	1
5.173	0
5.174	0
5.175	0
5.176	0
5.177	0
5.178	0
5.179	0
5.18	0
5.181	0
5.182	0
5.183	0
5.184	0
5.185	1
5.186	0
5.187	0
5.188	0
5.189	0
5.19	0
5.191	0
5.192	0
5.193	0
5.194	0
5.195	0
5.196	0
5.197	0
5.198	0
5.199	0
5.2	0
5.201	0
5.202	0
5.203	0
5.204	0
5.205	0
5.206	0
5.207	0
5.208	0
5.209	0
5.21	0
5.211	0
5.212	0
5.213	0
5.214	0
5.215	0
5.216	0
5.217	0
5.218	0
5.219	0
5.22	0
5.221	0
5.222	0
5.223	0
5.224	0
5.225	0
5.226	0
5.227	0
5.228	0
5.229	0
5.23	0
5.231	0
5.232	0
5.233	0
5.234	0
5.235	0
5.236	0
5.237	0
5.238	0
5.239	1
5.24	0
5.241	0
5.242	0
5.243	0
5.244	0
5.245	0
5.246	0
5.247	0
5.248	0
5.249	0
5.25	1
5.251	1
5.252	0
5.253	0
5.254	0
5.255	0
5.256	0
5.257	0
5.258	0
5.259	0
5.26	0
5.261	0
5.262	0
5.263	0
5.264	0
5.265	0
5.266	0
5.267	0
5.268	0
5.269	0
5.27	0
5.271	0
5.272	0
5.273	1
5.274	0
5.275	0
5.276	0
5.277	0
5.278	0
5.279	0
5.28	0
5.281	0
5.282	0
5.283	0
5.284	0
5.285	0
5.286	0
5.287	0
5.288	0
5.289	0
5.29	0
5.291	0
5.292	0
5.293	0
5.294	0
5.295	0
5.296	0
5.297	0
5.298	0
5.299	0
5.3	0
5.301	0
5.302	0
5.303	0
5.304	0
5.305	0
5.306	0
5.307	1
5.308	0
5.309	0
5.31	0
5.311	0
5.312	0
5.313	0
5.314	0
5.315	0
5.316	0
5.317	0
5.318	0
5.319	0
5.32	0
5.321	0
5.322	0
5.323	0
5.324	0
5.325	0
5.326	0
5.327	0
5.328	0
5.329	1
5.33	0
5.331	0
5.332	0
5.333	0
5.334	1
5.335	0
5.336	0
5.337	0
5.338	0
5.339	0
5.34	0
5.341	0
5.342	0
5.343	0
5.344	0
5.345	0
5.346	1
5.347	1
5.348	0
5.349	0
5.35	0
5.351	0
5.352	0
5.353	0
5.354	0
5.355	0
5.356	0
5.357	0
5.358	0
5.359	0
5.36	0
5.361	0
5.362	0
5.363	0
5.364	0
5.365	0
5.366	0
5.367	0
5.368	0
5.369	0
5.37	0
5.371	1
5.372	0
5.373	0
5.374	0
5.375	0
5.376	0
5.377	0
5.378	0
5.379	0
5.38	0
5.381	0
5.382	0
5.383	0
5.384	0
5.385	0
5.386	0
5.387	0
5.388	1
5.389	0
5.39	0
5.391	0
5.392	0
5.393	0
5.394	0
5.395	0
5.396	0
5.397	0
5.398	0
5.399	0
5.4	0
5.401	0
5.402	0
5.403	0
5.404	0
5.405	0
5.406	0
5.407	0
5.408	0
5.409	0
5.41	0
5.411	0
5.412	0
5.413	0
5.414	0
5.415	0
5.416	0
5.417	0
5.418	0
5.419	0
5.42	0
5.421	0
5.422	0
5.423	0
5.424	0
5.425	0
5.426	0
5.427	1
5.428	1
5.429	0
5.43	0
5.431	0
5.432	0
5.433	0
5.434	1
5.435	0
5.436	0
5.437	0
5.438	0
5.439	0
5.44	1
5.441	0
5.442	0
5.443	0
5.444	0
5.445	0
5.446	0
5.447	0
5.448	0
5.449	1
5.45	0
5.451	0
5.452	1
5.453	0
5.454	0
5.455	1
5.456	0
5.457	0
5.458	0
5.459	0
5.46	0
5.461	0
5.462	0
5.463	0
5.464	0
5.465	0
5.466	0
5.467	0
5.468	0
5.469	0
5.47	0
5.471	0
5.472	0
5.473	0
5.474	0
5.475	0
5.476	0
5.477	0
5.478	0
5.479	0
5.48	0
5.481	0
5.482	0
5.483	0
5.484	0
5.485	0
5.486	0
5.487	0
5.488	1
5.489	0
5.49	0
5.491	0
5.492	0
5.493	0
5.494	0
5.495	0
5.496	0
5.497	0
5.498	0
5.499	0
5.5	0
5.501	0
5.502	1
5.503	0
5.504	0
5.505	0
5.506	0
5.507	0
5.508	0
5.509	0
5.51	0
5.511	0
5.512	0
5.513	0
5.514	0
5.515	0
5.516	0
5.517	0
5.518	0
5.519	0
5.52	0
5.521	0
5.522	0
5.523	0
5.524	0
5.525	2
5.526	0
5.527	0
5.528	0
5.529	0
5.53	0
5.531	0
5.532	0
5.533	0
5.534	0
5.535	0
5.536	0
5.537	0
5.538	0
5.539	0
5.54	0
5.541	0
5.542	0
5.543	0
5.544	0
5.545	0
5.546	0
5.547	0
5.548	0
5.549	0
5.55	0
5.551	0
5.552	0
5.553	0
5.554	0
5.555	0
5.556	1
5.557	0
5.558	0
5.559	0
5.56	1
5.561	0
5.562	0
5.563	0
5.564	0
5.565	0
5.566	0
5.567	0
5.568	0
5.569	0
5.57	0
5.571	0
5.572	0
5.573	0
5.574	0
5.575	0
5.576	0
5.577	1
5.578	0
5.579	0
5.58	0
5.581	0
5.582	0
5.583	0
5.584	0
5.585	0
5.586	0
5.587	0
5.588	0
5.589	0
5.59	0
5.591	1
5.592	0
5.593	0
5.594	0
5.595	0
5.596	0
5.597	0
5.598	0
5.599	0
5.6	0
5.601	0
5.602	0
5.603	0
5.604	0
5.605	0
5.606	0
5.607	0
5.608	0
5.609	0
5.61	1
5.611	0
5.612	0
5.613	0
5.614	0
5.615	0
5.616	0
5.617	0
5.618	0
5.619	0
5.62	0
5.621	0
5.622	0
5.623	0
5.624	0
5.625	0
5.626	0
5.627	0
5.628	0
5.629	0
5.63	1
5.631	0
5.632	0
5.633	0
5.634	0
5.635	0
5.636	0
5.637	0
5.638	0
5.639	0
5.64	0
5.641	0
5.642	0
5.643	0
5.644	0
5.645	0
5.646	0
5.647	0
5.648	0
5.649	0
5.65	0
5.651	0
5.652	0
5.653	1
5.654	0
5.655	0
5.656	0
5.657	0
5.658	0
5.659	0
5.66	0
5.661	0
5.662	0
5.663	0
5.664	0
5.665	0
5.666	0
5.667	0
5.668	0
5.669	0
5.67	0
5.671	0
5.672	0
5.673	0
5.674	0
5.675	0
5.676	0
5.677	0
5.678	0
5.679	0
5.68	0
5.681	0
5.682	1
5.683	0
5.684	0
5.685	0
5.686	0
5.687	0
5.688	0
5.689	0
5.69	0
5.691	0
5.692	0
5.693	0
5.694	0
5.695	0
5.696	0
5.697	0
5.698	0
5.699	0
5.7	0
5.701	0
5.702	0
5.703	0
5.704	0
5.705	0
5.706	0
5.707	0
5.708	0
5.709	0
5.71	0
5.711	0
5.712	0
5.713	0
5.714	0
5.715	0
5.716	0
5.717	0
5.718	0
5.719	0
5.72	0
5.721	0
5.722	0
5.723	0
5.724	1
5.725	0
5.726	0
5.727	0
5.728	0
5.729	0
5.73	0
5.731	0
5.732	0
5.733	0
5.734	0
5.735	0
5.736	0
5.737	0
5.738	0
5.739	0
5.74	0
5.741	0
5.742	0
5.743	0
5.744	0
5.745	0
5.746	0
5.747	0
5.748	0
5.749	0
5.75	0
5.751	0
5.752	0
5.753	0
5.754	0
5.755	0
5.756	0
5.757	0
5.758	0
5.759	0
5.76	0
5.761	0
5.762	0
5.763	0
5.764	0
5.765	0
5.766	1
5.767	0
5.768	0
5.769	1
5.77	0
5.771	0
5.772	0
5.773	0
5.774	0
5.775	0
5.776	0
5.777	0
5.778	0
5.779	0
5.78	0
5.781	0
5.782	0
5.783	1
5.784	0
5.785	0
5.786	0
5.787	0
5.788	0
5.789	0
5.79	0
5.791	0
5.792	0
5.793	0
5.794	0
5.795	0
5.796	0
5.797	0
5.798	0
5.799	1
5.8	0
5.801	0
5.802	0
5.803	0
5.804	0
5.805	0
5.806	0
5.807	0
5.808	0
5.809	0
5.81	0
5.811	0
5.812	0
5.813	0
5.814	1
5.815	0
5.816	0
5.817	0
5.818	0
5.819	0
5.82	0
5.821	0
5.822	0
5.823	0
5.824	0
5.825	0
5.826	0
5.827	0
5.828	1
5.829	0
5.83	0
5.831	0
5.832	0
5.833	0
5.834	1
5.835	0
5.836	0
5.837	0
5.838	0
5.839	0
5.84	0
5.841	0
5.842	0
5.843	0
5.844	0
5.845	0
5.846	0
5.847	0
5.848	0
5.849	0
5.85	0
5.851	0
5.852	0
5.853	0
5.854	0
5.855	0
5.856	0
5.857	0
5.858	0
5.859	0
5.86	0
5.861	0
5.862	0
5.863	0
5.864	0
5.865	0
5.866	0
5.867	0
5.868	0
5.869	0
5.87	0
5.871	1
5.872	0
5.873	0
5.874	0
5.875	0
5.876	0
5.877	0
5.878	0
5.879	0
5.88	0
5.881	0
5.882	0
5.883	0
5.884	0
5.885	0
5.886	0
5.887	0
5.888	0
5.889	0
5.89	0
5.891	0
5.892	0
5.893	0
5.894	0
5.895	0
5.896	0
5.897	0
5.898	0
5.899	0
5.9	0
5.901	0
5.902	0
5.903	0
5.904	0
5.905	0
5.906	0
5.907	0
5.908	0
5.909	1
5.91	0
5.911	0
5.912	0
5.913	0
5.914	0
5.915	0
5.916	0
5.917	0
5.918	0
5.919	0
5.92	1
5.921	0
5.922	0
5.923	0
5.924	0
5.925	0
5.926	0
5.927	0
5.928	0
5.929	0
5.93	0
5.931	0
5.932	0
5.933	1
5.934	1
5.935	0
5.936	0
5.937	0
5.938	0
5.939	0
5.94	0
5.941	0
5.942	0
5.943	0
5.944	0
5.945	0
5.946	0
5.947	0
5.948	0
5.949	0
5.95	0
5.951	0
5.952	0
5.953	0
5.954	0
5.955	0
5.956	0
5.957	0
5.958	0
5.959	0
5.96	0
5.961	0
5.962	0
5.963	0
5.964	0
5.965	1
5.966	0
5.967	0
5.968	0
5.969	0
5.97	0
5.971	0
5.972	0
5.973	0
5.974	0
5.975	0
5.976	0
5.977	0
5.978	0
5.979	0
5.98	0
5.981	0
5.982	0
5.983	0
5.984	0
5.985	0
5.986	0
5.987	0
5.988	0
5.989	0
5.99	0
5.991	1
5.992	0
5.993	0
5.994	0
5.995	0
5.996	0
5.997	0
5.998	0
5.999	0
6	0
6.001	0
6.002	0
6.003	0
6.004	0
6.005	0
6.006	0
6.007	0
6.008	0
6.009	0
6.01	0
6.011	0
6.012	0
6.013	0
6.014	0
6.015	0
6.016	0
6.017	0
6.018	0
6.019	0
6.02	0
6.021	0
6.022	0
6.023	1
6.024	0
6.025	0
6.026	0
6.027	0
6.028	0
6.029	0
6.03	0
6.031	0
6.032	0
6.033	0
6.034	0
6.035	0
6.036	0
6.037	0
6.038	0
6.039	0
6.04	0
6.041	0
6.042	0
6.043	0
6.044	0
6.045	0
6.046	0
6.047	0
6.048	0
6.049	0
6.05	0
6.051	0
6.052	0
6.053	0
6.054	0
6.055	0
6.056	0
6.057	0
6.058	0
6.059	0
6.06	0
6.061	0
6.062	1
6.063	0
6.064	0
6.065	0
6.066	0
6.067	1
6.068	0
6.069	0
6.07	0
6.071	0
6.072	0
6.073	0
6.074	0
6.075	0
6.076	0
6.077	1
6.078	0
6.079	0
6.08	0
6.081	0
6.082	0
6.083	0
6.084	0
6.085	0
6.086	0
6.087	0
6.088	0
6.089	0
6.09	0
6.091	0
6.092	0
6.093	0
6.094	0
6.095	0
6.096	0
6.097	0
6.098	0
6.099	0
6.1	0
6.101	0
6.102	0
6.103	1
6.104	0
6.105	0
6.106	1
6.107	0
6.108	0
6.109	0
6.11	0
6.111	0
6.112	0
6.113	0
6.114	0
6.115	0
6.116	0
6.117	0
6.118	0
6.119	0
6.12	0
6.121	0
6.122	1
6.123	0
6.124	0
6.125	1
6.126	0
6.127	1
6.128	0
6.129	0
6.13	0
6.131	0
6.132	0
6.133	0
6.134	0
6.135	0
6.136	0
6.137	0
6.138	0
6.139	0
6.14	0
6.141	0
6.142	0
6.143	0
6.144	0
6.145	1
6.146	0
6.147	0
6.148	0
6.149	0
6.15	0
6.151	0
6.152	0
6.153	0
6.154	0
6.155	0
6.156	0
6.157	0
6.158	0
6.159	0
6.16	0
6.161	0
6.162	0
6.163	0
6.164	0
6.165	0
6.166	0
6.167	0
6.168	0
6.169	0
6.17	0
6.171	0
6.172	0
6.173	0
6.174	0
6.175	0
6.176	0
6.177	0
6.178	0
6.179	0
6.18	0
6.181	0
6.182	0
6.183	1
6.184	0
6.185	0
6.186	0
6.187	0
6.188	0
6.189	1
6.19	0
6.191	0
6.192	0
6.193	0
6.194	0
6.195	0
6.196	0
6.197	1
6.198	0
6.199	0
6.2	0
6.201	0
6.202	0
6.203	0
6.204	0
6.205	0
6.206	0
6.207	0
6.208	0
6.209	0
6.21	0
6.211	0
6.212	0
6.213	0
6.214	0
6.215	0
6.216	0
6.217	0
6.218	0
6.219	0
6.22	0
6.221	0
6.222	0
6.223	0
6.224	0
6.225	0
6.226	0
6.227	0
6.228	0
6.229	0
6.23	0
6.231	0
6.232	0
6.233	0
6.234	0
6.235	0
6.236	0
6.237	0
6.238	0
6.239	0
6.24	0
6.241	0
6.242	0
6.243	0
6.244	0
6.245	0
6.246	0
6.247	0
6.248	0
6.249	0
6.25	0
6.251	0
6.252	0
6.253	0
6.254	0
6.255	0
6.256	0
6.257	0
6.258	0
6.259	0
6.26	0
6.261	0
6.262	0
6.263	1
6.264	0
6.265	0
6.266	0
6.267	0
6.268	0
6.269	0
6.27	1
6.271	0
6.272	0
6.273	0
6.274	0
6.275	0
6.276	0
6.277	0
6.278	0
6.279	0
6.28	0
6.281	0
6.282	0
6.283	0
6.284	0
6.285	0
6.286	0
6.287	0
6.288	0
6.289	0
6.29	0
6.291	0
6.292	0
6.293	0
6.294	0
6.295	0
6.296	0
6.297	0
6.298	0
6.299	0
6.3	0
6.301	1
6.302	0
6.303	0
6.304	0
6.305	0
6.306	0
6.307	0
6.308	0
6.309	0
6.31	0
6.311	0
6.312	0
6.313	0
6.314	0
6.315	0
6.316	0
6.317	0
6.318	0
6.319	0
6.32	0
6.321	1
6.322	0
6.323	0
6.324	0
6.325	0
6.326	0
6.327	0
6.328	1
6.329	0
6.33	0
6.331	0
6.332	0
6.333	0
6.334	1
6.335	0
6.336	1
6.337	0
6.338	0
6.339	0
6.34	0
6.341	0
6.342	0
6.343	0
6.344	0
6.345	0
6.346	1
6.347	0
6.348	0
6.349	0
6.35	0
6.351	0
6.352	0
6.353	0
6.354	0
6.355	0
6.356	0
6.357	0
6.358	0
6.359	0
6.36	0
6.361	0
6.362	0
6.363	0
6.364	0
6.365	0
6.366	0
6.367	0
6.368	0
6.369	0
6.37	0
6.371	0
6.372	0
6.373	0
6.374	0
6.375	0
6.376	0
6.377	0
6.378	0
6.379	0
6.38	0
6.381	0
6.382	0
6.383	0
6.384	0
6.385	0
6.386	0
6.387	0
6.388	0
6.389	0
6.39	0
6.391	0
6.392	0
6.393	0
6.394	0
6.395	0
6.396	0
6.397	0
6.398	0
6.399	0
6.4	0
6.401	0
6.402	0
6.403	0
6.404	0
6.405	0
6.406	0
6.407	0
6.408	0
6.409	0
6.41	0
6.411	0
6.412	0
6.413	0
6.414	0
6.415	0
6.416	0
6.417	0
6.418	0
6.419	0
6.42	0
6.421	0
6.422	0
6.423	0
6.424	0
6.425	0
6.426	0
6.427	0
6.428	0
6.429	0
6.43	0
6.431	0
6.432	0
6.433	0
6.434	0
6.435	0
6.436	0
6.437	0
6.438	0
6.439	0
6.44	0
6.441	0
6.442	0
6.443	0
6.444	0
6.445	0
6.446	0
6.447	0
6.448	0
6.449	0
6.45	0
6.451	0
6.452	0
6.453	0
6.454	0
6.455	0
6.456	0
6.457	0
6.458	0
6.459	0
6.46	0
6.461	0
6.462	0
6.463	0
6.464	0
6.465	0
6.466	1
6.467	0
6.468	0
6.469	0
6.47	0
6.471	0
6.472	0
6.473	1
6.474	0
6.475	0
6.476	0
6.477	0
6.478	0
6.479	0
6.48	0
6.481	0
6.482	0
6.483	0
6.484	0
6.485	0
6.486	0
6.487	0
6.488	0
6.489	0
6.49	0
6.491	0
6.492	0
6.493	0
6.494	0
6.495	0
6.496	0
6.497	0
6.498	0
6.499	0
6.5	0
6.501	0
6.502	0
6.503	0
6.504	0
6.505	0
6.506	0
6.507	0
6.508	0
6.509	0
6.51	0
6.511	0
6.512	0
6.513	0
6.514	0
6.515	0
6.516	0
6.517	0
6.518	0
6.519	0
6.52	0
6.521	0
6.522	0
6.523	0
6.524	0
6.525	0
6.526	0
6.527	0
6.528	0
6.529	0
6.53	0
6.531	0
6.532	0
6.533	0
6.534	0
6.535	0
6.536	0
6.537	0
6.538	0
6.539	0
6.54	0
6.541	0
6.542	0
6.543	0
6.544	0
6.545	0
6.546	0
6.547	0
6.548	0
6.549	0
6.55	0
6.551	0
6.552	0
6.553	0
6.554	0
6.555	0
6.556	0
6.557	0
6.558	0
6.559	0
6.56	0
6.561	0
6.562	0
6.563	0
6.564	0
6.565	0
6.566	0
6.567	0
6.568	0
6.569	0
6.57	0
6.571	0
6.572	0
6.573	0
6.574	0
6.575	0
6.576	0
6.577	0
6.578	0
6.579	0
6.58	0
6.581	0
6.582	0
6.583	0
6.584	0
6.585	0
6.586	0
6.587	0
6.588	0
6.589	0
6.59	0
6.591	0
6.592	0
6.593	0
6.594	0
6.595	0
6.596	0
6.597	0
6.598	0
6.599	0
6.6	0
6.601	0
6.602	0
6.603	0
6.604	0
6.605	1
6.606	0
6.607	0
6.608	0
6.609	0
6.61	0
6.611	0
6.612	0
6.613	0
6.614	0
6.615	0
6.616	0
6.617	0
6.618	0
6.619	0
6.62	0
6.621	0
6.622	0
6.623	0
6.624	0
6.625	0
6.626	0
6.627	0
6.628	0
6.629	1
6.63	0
6.631	0
6.632	0
6.633	0
6.634	0
6.635	0
6.636	0
6.637	0
6.638	0
6.639	0
6.64	0
6.641	0
6.642	0
6.643	0
6.644	0
6.645	0
6.646	0
6.647	0
6.648	0
6.649	0
6.65	0
6.651	0
6.652	0
6.653	0
6.654	0
6.655	0
6.656	0
6.657	0
6.658	0
6.659	0
6.66	0
6.661	0
6.662	0
6.663	0
6.664	0
6.665	0
6.666	0
6.667	0
6.668	0
6.669	0
6.67	0
6.671	0
6.672	0
6.673	0
6.674	0
6.675	0
6.676	0
6.677	0
6.678	0
6.679	0
6.68	0
6.681	0
6.682	0
6.683	1
6.684	1
6.685	0
6.686	0
6.687	0
6.688	0
6.689	0
6.69	0
6.691	0
6.692	0
6.693	0
6.694	0
6.695	0
6.696	0
6.697	0
6.698	0
6.699	0
6.7	0
6.701	0
6.702	0
6.703	0
6.704	0
6.705	0
6.706	0
6.707	0
6.708	0
6.709	0
6.71	0
6.711	0
6.712	1
6.713	0
6.714	0
6.715	0
6.716	0
6.717	0
6.718	0
6.719	0
6.72	0
6.721	0
6.722	0
6.723	0
6.724	0
6.725	0
6.726	0
6.727	0
6.728	0
6.729	0
6.73	0
6.731	0
6.732	0
6.733	0
6.734	0
6.735	0
6.736	0
6.737	0
6.738	0
6.739	0
6.74	0
6.741	0
6.742	0
6.743	0
6.744	0
6.745	0
6.746	0
6.747	0
6.748	0
6.749	0
6.75	0
6.751	0
6.752	0
6.753	0
6.754	0
6.755	0
6.756	0
6.757	0
6.758	0
6.759	0
6.76	0
6.761	0
6.762	0
6.763	2
6.764	0
6.765	0
6.766	0
6.767	0
6.768	0
6.769	0
6.77	0
6.771	0
6.772	0
6.773	0
6.774	0
6.775	0
6.776	0
6.777	0
6.778	0
6.779	0
6.78	0
6.781	0
6.782	0
6.783	0
6.784	0
6.785	0
6.786	0
6.787	1
6.788	0
6.789	0
6.79	0
6.791	0
6.792	0
6.793	0
6.794	0
6.795	0
6.796	0
6.797	0
6.798	0
6.799	0
6.8	0
6.801	0
6.802	0
6.803	0
6.804	0
6.805	0
6.806	0
6.807	0
6.808	0
6.809	0
6.81	0
6.811	0
6.812	0
6.813	0
6.814	0
6.815	0
6.816	0
6.817	0
6.818	0
6.819	0
6.82	0
6.821	0
6.822	0
6.823	0
6.824	0
6.825	0
6.826	0
6.827	0
6.828	0
6.829	0
6.83	0
6.831	0
6.832	0
6.833	0
6.834	0
6.835	0
6.836	0
6.837	0
6.838	0
6.839	0
6.84	0
6.841	0
6.842	0
6.843	0
6.844	0
6.845	0
6.846	0
6.847	0
6.848	0
6.849	1
6.85	0
6.851	0
6.852	0
6.853	0
6.854	0
6.855	0
6.856	0
6.857	0
6.858	1
6.859	0
6.86	0
6.861	0
6.862	0
6.863	0
6.864	0
6.865	0
6.866	0
6.867	1
6.868	0
6.869	0
6.87	0
6.871	0
6.872	0
6.873	0
6.874	1
6.875	0
6.876	0
6.877	0
6.878	0
6.879	0
6.88	0
6.881	0
6.882	0
6.883	0
6.884	0
6.885	0
6.886	0
6.887	0
6.888	0
6.889	0
6.89	0
6.891	0
6.892	0
6.893	0
6.894	0
6.895	0
6.896	0
6.897	0
6.898	0
6.899	0
6.9	0
6.901	0
6.902	0
6.903	0
6.904	1
6.905	1
6.906	0
6.907	0
6.908	0
6.909	0
6.91	0
6.911	0
6.912	0
6.913	0
6.914	0
6.915	0
6.916	0
6.917	0
6.918	0
6.919	0
6.92	0
6.921	1
6.922	0
6.923	0
6.924	0
6.925	0
6.926	0
6.927	0
6.928	0
6.929	0
6.93	1
6.931	0
6.932	0
6.933	1
6.934	0
6.935	0
6.936	0
6.937	0
6.938	0
6.939	0
6.94	0
6.941	0
6.942	0
6.943	0
6.944	0
6.945	0
6.946	0
6.947	0
6.948	0
6.949	0
6.95	0
6.951	0
6.952	0
6.953	0
6.954	0
6.955	0
6.956	0
6.957	0
6.958	0
6.959	0
6.96	0
6.961	0
6.962	0
6.963	0
6.964	0
6.965	0
6.966	0
6.967	0
6.968	0
6.969	0
6.97	0
6.971	0
6.972	0
6.973	0
6.974	0
6.975	1
6.976	0
6.977	0
6.978	0
6.979	0
6.98	0
6.981	0
6.982	0
6.983	0
6.984	0
6.985	0
6.986	0
6.987	0
6.988	0
6.989	0
6.99	0
6.991	0
6.992	0
6.993	0
6.994	0
6.995	1
6.996	0
6.997	0
6.998	0
6.999	0
7	0
7.001	0
7.002	0
7.003	0
7.004	0
7.005	0
7.006	1
7.007	0
7.008	0
7.009	0
7.01	0
7.011	0
7.012	0
7.013	0
7.014	0
7.015	0
7.016	0
7.017	0
7.018	0
7.019	0
7.02	0
7.021	0
7.022	0
7.023	0
7.024	0
7.025	0
7.026	0
7.027	0
7.028	0
7.029	0
7.03	0
7.031	0
7.032	0
7.033	0
7.034	0
7.035	0
7.036	0
7.037	0
7.038	0
7.039	0
7.04	0
7.041	0
7.042	0
7.043	0
7.044	0
7.045	0
7.046	0
7.047	0
7.048	0
7.049	0
7.05	0
7.051	0
7.052	0
7.053	0
7.054	0
7.055	0
7.056	0
7.057	0
7.058	0
7.059	0
7.06	0
7.061	0
7.062	0
7.063	0
7.064	0
7.065	0
7.066	0
7.067	0
7.068	0
7.069	0
7.07	0
7.071	0
7.072	0
7.073	0
7.074	0
7.075	1
7.076	0
7.077	0
7.078	0
7.079	0
7.08	0
7.081	0
7.082	0
7.083	0
7.084	0
7.085	0
7.086	0
7.087	0
7.088	0
7.089	0
7.09	0
7.091	0
7.092	0
7.093	0
7.094	0
7.095	0
7.096	0
7.097	1
7.098	0
7.099	0
7.1	0
7.101	0
7.102	0
7.103	0
7.104	0
7.105	0
7.106	0
7.107	0
7.108	0
7.109	0
7.11	0
7.111	0
7.112	0
7.113	0
7.114	0
7.115	0
7.116	0
7.117	0
7.118	0
7.119	0
7.12	0
7.121	0
7.122	0
7.123	1
7.124	0
7.125	0
7.126	0
7.127	0
7.128	0
7.129	0
7.13	0
7.131	1
7.132	0
7.133	0
7.134	0
7.135	0
7.136	0
7.137	0
7.138	0
7.139	0
7.14	0
7.141	0
7.142	0
7.143	0
7.144	0
7.145	1
7.146	0
7.147	0
7.148	0
7.149	0
7.15	0
7.151	0
7.152	0
7.153	0
7.154	0
7.155	0
7.156	0
7.157	1
7.158	0
7.159	0
7.16	0
7.161	0
7.162	0
7.163	0
7.164	0
7.165	0
7.166	0
7.167	0
7.168	0
7.169	0
7.17	0
7.171	0
7.172	0
7.173	0
7.174	0
7.175	0
7.176	0
7.177	0
7.178	0
7.179	0
7.18	0
7.181	0
7.182	0
7.183	0
7.184	0
7.185	0
7.186	0
7.187	0
7.188	0
7.189	0
7.19	0
7.191	0
7.192	0
7.193	1
7.194	0
7.195	0
7.196	0
7.197	0
7.198	0
7.199	0
7.2	0
7.201	0
7.202	1
7.203	0
7.204	0
7.205	0
7.206	0
7.207	0
7.208	0
7.209	0
7.21	0
7.211	0
7.212	0
7.213	0
7.214	0
7.215	0
7.216	0
7.217	0
7.218	0
7.219	0
7.22	0
7.221	0
7.222	0
7.223	0
7.224	0
7.225	0
7.226	0
7.227	0
7.228	0
7.229	0
7.23	0
7.231	0
7.232	0
7.233	0
7.234	1
7.235	0
7.236	0
7.237	0
7.238	1
7.239	0
7.24	0
7.241	0
7.242	0
7.243	0
7.244	0
7.245	0
7.246	1
7.247	0
7.248	0
7.249	0
7.25	0
7.251	0
7.252	0
7.253	0
7.254	0
7.255	0
7.256	0
7.257	0
7.258	0
7.259	0
7.26	0
7.261	0
7.262	0
7.263	0
7.264	0
7.265	0
7.266	0
7.267	0
7.268	0
7.269	0
7.27	0
7.271	1
7.272	0
7.273	0
7.274	0
7.275	0
7.276	0
7.277	0
7.278	0
7.279	0
7.28	0
7.281	0
7.282	0
7.283	0
7.284	0
7.285	0
7.286	0
7.287	0
7.288	0
7.289	0
7.29	0
7.291	0
7.292	0
7.293	0
7.294	0
7.295	0
7.296	0
7.297	0
7.298	1
7.299	0
7.3	0
7.301	0
7.302	0
7.303	0
7.304	0
7.305	0
7.306	0
7.307	0
7.308	0
7.309	0
7.31	0
7.311	0
7.312	0
7.313	0
7.314	0
7.315	0
7.316	0
7.317	0
7.318	0
7.319	1
7.32	0
7.321	0
7.322	0
7.323	0
7.324	0
7.325	0
7.326	0
7.327	0
7.328	0
7.329	0
7.33	0
7.331	0
7.332	0
7.333	0
7.334	1
7.335	0
7.336	0
7.337	0
7.338	0
7.339	0
7.34	0
7.341	0
7.342	0
7.343	0
7.344	0
7.345	0
7.346	0
7.347	0
7.348	1
7.349	0
7.35	1
7.351	0
7.352	0
7.353	0
7.354	0
7.355	0
7.356	0
7.357	0
7.358	0
7.359	0
7.36	0
7.361	0
7.362	0
7.363	0
7.364	0
7.365	0
7.366	0
7.367	0
7.368	0
7.369	0
7.37	0
7.371	0
7.372	0
7.373	0
7.374	0
7.375	0
7.376	0
7.377	0
7.378	0
7.379	0
7.38	0
7.381	0
7.382	0
7.383	0
7.384	0
7.385	0
7.386	0
7.387	0
7.388	0
7.389	0
7.39	0
7.391	0
7.392	0
7.393	0
7.394	0
7.395	0
7.396	0
7.397	1
7.398	0
7.399	0
7.4	0
7.401	0
7.402	0
7.403	0
7.404	0
7.405	0
7.406	0
7.407	0
7.408	0
7.409	0
7.41	0
7.411	0
7.412	0
7.413	0
7.414	0
7.415	0
7.416	0
7.417	0
7.418	0
7.419	0
7.42	0
7.421	0
7.422	0
7.423	0
7.424	0
7.425	0
7.426	0
7.427	0
7.428	0
7.429	0
7.43	0
7.431	0
7.432	0
7.433	0
7.434	0
7.435	0
7.436	0
7.437	0
7.438	0
7.439	0
7.44	0
7.441	0
7.442	0
7.443	0
7.444	0
7.445	0
7.446	0
7.447	0
7.448	0
7.449	0
7.45	0
7.451	0
7.452	0
7.453	0
7.454	0
7.455	0
7.456	0
7.457	0
7.458	0
7.459	1
7.46	0
7.461	0
7.462	0
7.463	0
7.464	0
7.465	0
7.466	0
7.467	0
7.468	0
7.469	0
7.47	0
7.471	0
7.472	0
7.473	0
7.474	0
7.475	0
7.476	0
7.477	0
7.478	0
7.479	0
7.48	0
7.481	0
7.482	0
7.483	0
7.484	0
7.485	0
7.486	0
7.487	1
7.488	0
7.489	0
7.49	0
7.491	0
7.492	0
7.493	0
7.494	0
7.495	0
7.496	0
7.497	0
7.498	0
7.499	0
7.5	0
7.501	0
7.502	0
7.503	0
7.504	0
7.505	0
7.506	0
7.507	0
7.508	0
7.509	0
7.51	0
7.511	0
7.512	0
7.513	0
7.514	0
7.515	1
7.516	0
7.517	1
7.518	0
7.519	0
7.52	0
7.521	0
7.522	0
7.523	0
7.524	0
7.525	0
7.526	0
7.527	0
7.528	0
7.529	0
7.53	0
7.531	0
7.532	0
7.533	0
7.534	0
7.535	0
7.536	0
7.537	0
7.538	0
7.539	0
7.54	0
7.541	0
7.542	1
7.543	0
7.544	0
7.545	0
7.546	0
7.547	0
7.548	0
7.549	0
7.55	0
7.551	0
7.552	0
7.553	0
7.554	0
7.555	0
7.556	0
7.557	0
7.558	0
7.559	0
7.56	0
7.561	0
7.562	0
7.563	0
7.564	0
7.565	0
7.566	0
7.567	0
7.568	0
7.569	0
7.57	0
7.571	0
7.572	0
7.573	0
7.574	0
7.575	0
7.576	0
7.577	0
7.578	0
7.579	0
7.58	0
7.581	0
7.582	0
7.583	0
7.584	0
7.585	0
7.586	0
7.587	0
7.588	0
7.589	0
7.59	0
7.591	0
7.592	0
7.593	0
7.594	0
7.595	0
7.596	0
7.597	0
7.598	0
7.599	0
7.6	0
7.601	0
7.602	0
7.603	0
7.604	0
7.605	0
7.606	0
7.607	0
7.608	0
7.609	0
7.61	0
7.611	0
7.612	0
7.613	0
7.614	0
7.615	0
7.616	0
7.617	0
7.618	0
7.619	0
7.62	0
7.621	0
7.622	0
7.623	0
7.624	0
7.625	0
7.626	0
7.627	0
7.628	0
7.629	0
7.63	0
7.631	0
7.632	0
7.633	0
7.634	0
7.635	0
7.636	0
7.637	0
7.638	0
7.639	0
7.64	0
7.641	1
7.642	0
7.643	0
7.644	0
7.645	0
7.646	1
7.647	0
7.648	0
7.649	0
7.65	0
7.651	0
7.652	0
7.653	0
7.654	0
7.655	0
7.656	0
7.657	0
7.658	0
7.659	0
7.66	1
7.661	0
7.662	0
7.663	0
7.664	0
7.665	0
7.666	0
7.667	0
7.668	1
7.669	0
7.67	0
7.671	0
7.672	0
7.673	0
7.674	0
7.675	0
7.676	0
7.677	0
7.678	0
7.679	0
7.68	0
7.681	0
7.682	0
7.683	0
7.684	0
7.685	1
7.686	0
7.687	0
7.688	0
7.689	0
7.69	0
7.691	0
7.692	0
7.693	0
7.694	0
7.695	0
7.696	0
7.697	0
7.698	0
7.699	0
7.7	0
7.701	0
7.702	0
7.703	0
7.704	0
7.705	0
7.706	0
7.707	0
7.708	0
7.709	0
7.71	0
7.711	0
7.712	0
7.713	0
7.714	0
7.715	0
7.716	0
7.717	0
7.718	0
7.719	0
7.72	0
7.721	0
7.722	0
7.723	0
7.724	0
7.725	0
7.726	0
7.727	0
7.728	0
7.729	0
7.73	0
7.731	1
7.732	0
7.733	0
7.734	0
7.735	0
7.736	0
7.737	0
7.738	0
7.739	0
7.74	0
7.741	0
7.742	0
7.743	0
7.744	1
7.745	0
7.746	0
7.747	0
7.748	0
7.749	0
7.75	0
7.751	0
7.752	0
7.753	0
7.754	0
7.755	1
7.756	0
7.757	0
7.758	0
7.759	0
7.76	0
7.761	0
7.762	1
7.763	0
7.764	0
7.765	0
7.766	0
7.767	0
7.768	0
7.769	0
7.77	0
7.771	0
7.772	0
7.773	0
7.774	0
7.775	0
7.776	0
7.777	0
7.778	0
7.779	0
7.78	0
7.781	0
7.782	0
7.783	0
7.784	0
7.785	0
7.786	0
7.787	0
7.788	0
7.789	0
7.79	0
7.791	0
7.792	1
7.793	1
7.794	0
7.795	0
7.796	0
7.797	0
7.798	0
7.799	0
7.8	0
7.801	0
7.802	0
7.803	0
7.804	0
7.805	0
7.806	0
7.807	0
7.808	0
7.809	0
7.81	0
7.811	0
7.812	0
7.813	0
7.814	0
7.815	0
7.816	0
7.817	0
7.818	0
7.819	0
7.82	0
7.821	0
7.822	0
7.823	0
7.824	0
7.825	0
7.826	0
7.827	0
7.828	0
7.829	0
7.83	0
7.831	0
7.832	0
7.833	0
7.834	0
7.835	0
7.836	0
7.837	0
7.838	0
7.839	0
7.84	0
7.841	0
7.842	0
7.843	0
7.844	0
7.845	0
7.846	1
7.847	0
7.848	0
7.849	0
7.85	0
7.851	0
7.852	0
7.853	0
7.854	1
7.855	0
7.856	1
7.857	0
7.858	0
7.859	0
7.86	0
7.861	0
7.862	0
7.863	0
7.864	0
7.865	0
7.866	0
7.867	0
7.868	0
7.869	0
7.87	0
7.871	0
7.872	0
7.873	0
7.874	0
7.875	0
7.876	0
7.877	0
7.878	0
7.879	0
7.88	0
7.881	0
7.882	0
7.883	0
7.884	0
7.885	0
7.886	0
7.887	0
7.888	0
7.889	0
7.89	0
7.891	0
7.892	0
7.893	0
7.894	0
7.895	0
7.896	0
7.897	0
7.898	0
7.899	0
7.9	0
7.901	0
7.902	0
7.903	0
7.904	0
7.905	0
7.906	0
7.907	0
7.908	0
7.909	0
7.91	0
7.911	0
7.912	0
7.913	0
7.914	0
7.915	0
7.916	0
7.917	0
7.918	0
7.919	0
7.92	0
7.921	0
7.922	0
7.923	0
7.924	0
7.925	0
7.926	0
7.927	0
7.928	0
7.929	0
7.93	0
7.931	0
7.932	0
7.933	0
7.934	0
7.935	0
7.936	0
7.937	0
7.938	0
7.939	0
7.94	0
7.941	0
7.942	0
7.943	0
7.944	0
7.945	0
7.946	0
7.947	0
7.948	0
7.949	0
7.95	0
7.951	0
7.952	0
7.953	0
7.954	0
7.955	0
7.956	0
7.957	0
7.958	0
7.959	0
7.96	0
7.961	0
7.962	0
7.963	0
7.964	0
7.965	0
7.966	1
7.967	0
7.968	0
7.969	0
7.97	0
7.971	0
7.972	0
7.973	0
7.974	1
7.975	0
7.976	0
7.977	1
7.978	0
7.979	0
7.98	0
7.981	0
7.982	0
7.983	0
7.984	0
7.985	0
7.986	0
7.987	0
7.988	0
7.989	0
7.99	0
7.991	0
7.992	0
7.993	0
7.994	0
7.995	0
7.996	0
7.997	0
7.998	0
7.999	0
